    unsorted:	 7.388262592 7.403052703 7.420784776 7.437047462 7.451810367 7.362900679 7.339845984 7.489103662 7.511896970 7.286300095 7.247482595 7.229785052 7.222822573 7.543792229 7.131102582 7.585292541 7.613744390 7.078670600 7.064401845 7.645172606 7.649798651 6.985123698 6.890171467 6.837123291 6.812327501 6.783663174 6.772639256 6.646909215 6.626408723 6.579484228 6.516957777 6.469091608 6.442166011 6.187725138 6.251375672 6.145994207 6.007926451 6.029206879 5.980006634 5.874726754 5.779791574 8.450735096 9.332693694 9.574623385 0.8086558866 15.74293650 19.02608390 22.32938871 37.55553934 60.78751795 70.56424186 80.19279677 127.5795582 136.1375691 160.1950809 202.8058350 265.7600739 403.3616970 426.6363453 482.3275771 679.4142487 699.7011761 740.2375720 888.2580145 965.2931748 1129.379044 1340.075499 2066.307161 2272.830737 3089.906075 3512.141011 4490.592336 5056.092786 6201.500351 6795.050438 7747.263747 9259.527100 9415.558442 10117.78526 19102.06569 19183.55688 19005.13759 18952.55824 19307.38033 18829.84880 18762.92408 19450.21042 19583.63268 19626.40816 19856.27763 19954.22432 20277.44252 17748.38970 17166.29390 16604.73628 15343.59180 14827.01940 14358.22229 11045.39077 13175.47701 12159.96041 21267.31048 22249.35027 22480.28492 22610.59926 23033.16372 23086.98860 23279.24097 23977.13263 24314.68556 24524.14634 24757.13283 25455.29577 25401.76838 25657.31065 25738.31963 25889.93147 25974.68074 26210.65390 26480.01148 26562.43139 26641.08113 26674.55883 26744.05108 27007.13528 27052.66820 27209.06240 27388.34271 28417.88764 28768.55758 29300.07286 32344.97755 33750.17629 35624.22692 36793.17030 40720.08873 46617.55452 50382.32034 138402.7277 533819.4032 895073.6721 1019718.228 1164291.196 1294788.155 6167172.397 12170319.07
      sorted:	 0.8086558866 5.779791574 5.874726754 5.980006634 6.007926451 6.029206879 6.145994207 6.187725138 6.251375672 6.442166011 6.469091608 6.516957777 6.579484228 6.626408723 6.646909215 6.772639256 6.783663174 6.812327501 6.837123291 6.890171467 6.985123698 7.064401845 7.078670600 7.131102582 7.222822573 7.229785052 7.247482595 7.286300095 7.339845984 7.362900679 7.388262592 7.403052703 7.420784776 7.437047462 7.451810367 7.489103662 7.511896970 7.543792229 7.585292541 7.613744390 7.645172606 7.649798651 8.450735096 9.332693694 9.574623385 15.74293650 19.02608390 22.32938871 37.55553934 60.78751795 70.56424186 80.19279677 127.5795582 136.1375691 160.1950809 202.8058350 265.7600739 403.3616970 426.6363453 482.3275771 679.4142487 699.7011761 740.2375720 888.2580145 965.2931748 1129.379044 1340.075499 2066.307161 2272.830737 3089.906075 3512.141011 4490.592336 5056.092786 6201.500351 6795.050438 7747.263747 9259.527100 9415.558442 10117.78526 11045.39077 12159.96041 13175.47701 14358.22229 14827.01940 15343.59180 16604.73628 17166.29390 17748.38970 18762.92408 18829.84880 18952.55824 19005.13759 19102.06569 19183.55688 19307.38033 19450.21042 19583.63268 19626.40816 19856.27763 19954.22432 20277.44252 21267.31048 22249.35027 22480.28492 22610.59926 23033.16372 23086.98860 23279.24097 23977.13263 24314.68556 24524.14634 24757.13283 25401.76838 25455.29577 25657.31065 25738.31963 25889.93147 25974.68074 26210.65390 26480.01148 26562.43139 26641.08113 26674.55883 26744.05108 27007.13528 27052.66820 27209.06240 27388.34271 28417.88764 28768.55758 29300.07286 32344.97755 33750.17629 35624.22692 36793.17030 40720.08873 46617.55452 50382.32034 138402.7277 533819.4032 895073.6721 1019718.228 1164291.196 1294788.155 6167172.397 12170319.07
