    unsorted:	 1.973930921e-07 39014.50020 38895.06221 39122.88343 39288.87432 39303.04944 39428.79490 38739.12406 38678.91582 38545.72764 39642.75895 39726.47205 39763.49543 38403.83340 40041.63311 40078.68946 37978.49037 37950.10411 37905.68410 40266.72276 37501.78896 37531.96427 37344.36624 37291.78037 37118.04150 40679.85393 40611.06358 40914.52781 36775.23342 36612.77739 36493.47692 36242.50300 41216.50889 35919.45512 41697.36021 41870.18185 42123.76152 42236.41530 35514.68999 42436.36799 42615.56079 34782.71814 34143.03761 43197.84307 33571.44699 32729.44034 44343.79596 44750.61606 22125.35179 22318.25192 22205.59000 22058.41068 21965.27228 22427.26347 22527.92729 22597.57472 21513.11944 21232.83965 21155.36536 21103.72387 20960.15499 20810.21152 20601.17361 20362.51634 23013.81151 23254.61014 19849.62367 19503.93566 19402.82835 19005.33465 18842.65420 18623.18307 18646.13276 18375.96115 18276.83780 17980.02889 17989.07514 17708.77061 17265.04773 17053.53430 16821.76947 16575.35112 16460.52589 16322.80101 16249.05680 16160.64641 16072.58155 15980.95364 15931.86169 15697.16303 15350.33540 15157.73580 14680.34902 14360.12797 13511.79071 12940.87518 45601.91587 12088.65705 11728.70055 46593.11102 10724.26852 47433.39003 9832.581531 8611.480895 8278.603998 49618.78549 7087.029960 6802.659879 5476.033159 51599.90389 138.7913121 4147.090719 3665.153069 53285.59228 2347.594871 133.4731566 28.71106515 216.6591815 527.3763624 952.8626284 1304.092505 56277.09819 56881.55284 58905.46528 62404.45159 66646.13641 68307.06900 71558.37491 292694.1611 512388.5469 664303.9836 741709.4204 803533.6874 1375415.671 1859928.255 6168071.394 13261605.69
      sorted:	 1.973930921e-07 28.71106515 133.4731566 138.7913121 216.6591815 527.3763624 952.8626284 1304.092505 2347.594871 3665.153069 4147.090719 5476.033159 6802.659879 7087.029960 8278.603998 8611.480895 9832.581531 10724.26852 11728.70055 12088.65705 12940.87518 13511.79071 14360.12797 14680.34902 15157.73580 15350.33540 15697.16303 15931.86169 15980.95364 16072.58155 16160.64641 16249.05680 16322.80101 16460.52589 16575.35112 16821.76947 17053.53430 17265.04773 17708.77061 17980.02889 17989.07514 18276.83780 18375.96115 18623.18307 18646.13276 18842.65420 19005.33465 19402.82835 19503.93566 19849.62367 20362.51634 20601.17361 20810.21152 20960.15499 21103.72387 21155.36536 21232.83965 21513.11944 21965.27228 22058.41068 22125.35179 22205.59000 22318.25192 22427.26347 22527.92729 22597.57472 23013.81151 23254.61014 32729.44034 33571.44699 34143.03761 34782.71814 35514.68999 35919.45512 36242.50300 36493.47692 36612.77739 36775.23342 37118.04150 37291.78037 37344.36624 37501.78896 37531.96427 37905.68410 37950.10411 37978.49037 38403.83340 38545.72764 38678.91582 38739.12406 38895.06221 39014.50020 39122.88343 39288.87432 39303.04944 39428.79490 39642.75895 39726.47205 39763.49543 40041.63311 40078.68946 40266.72276 40611.06358 40679.85393 40914.52781 41216.50889 41697.36021 41870.18185 42123.76152 42236.41530 42436.36799 42615.56079 43197.84307 44343.79596 44750.61606 45601.91587 46593.11102 47433.39003 49618.78549 51599.90389 53285.59228 56277.09819 56881.55284 58905.46528 62404.45159 66646.13641 68307.06900 71558.37491 292694.1611 512388.5469 664303.9836 741709.4204 803533.6874 1375415.671 1859928.255 6168071.394 13261605.69
