    unsorted:	 40065.56940 40175.54705 40288.63204 40315.87918 39972.09488 40483.70400 39439.48138 39397.13771 39556.55917 39241.00472 39066.37197 38898.44837 38634.78967 38599.32371 38408.06442 38352.74034 41114.30642 41028.51331 41306.59782 41641.39699 41779.89335 41935.46134 42023.18547 42127.63125 42309.68672 42397.18047 42502.49822 42533.90175 42630.97622 42842.34185 42961.36998 43119.67719 43197.04889 43407.73719 37399.44678 36727.71823 36314.03135 44185.85891 44331.05757 32169.79416 32189.21972 31919.19720 32809.81649 32662.03397 33160.16754 33248.61774 31395.68785 31169.71267 31100.72437 30818.78179 30651.23627 30555.71746 30304.26120 29756.01802 29826.71391 29558.23123 29152.04116 29269.33712 29052.91652 28731.97251 28481.24941 28016.95239 27799.69189 27399.38438 27095.61339 26949.49646 26379.89622 26050.22665 25720.43606 25219.07537 24921.80315 24529.46646 45170.66956 45266.41593 24189.91945 23710.55440 23210.46580 22790.56313 22410.79987 22166.60301 21808.96555 21544.93226 21466.59040 21163.17068 20987.33373 20891.10114 20526.93049 20297.85477 19950.79348 46545.35152 46750.98601 19281.73195 19088.27808 47258.99803 18531.87613 48294.42722 17460.10072 16928.49588 16505.32569 15732.79441 49673.39784 15401.53025 50394.68333 14154.19190 13703.54208 51552.57592 52053.34002 11989.83614 11228.05667 10444.77681 10027.52482 54400.05191 8789.236117 8403.757677 55980.40653 56439.75389 6621.375066 6360.414262 4650.430962 4902.257843 4201.506123 3585.767409 3200.291291 2909.165387 6.476717182e-07 1839.680920 106.7616774 120.6437316 133.8246768 19.93983154 510.4183164 1096.405436 60483.61016 65160.31991 65736.40321 68885.39016 69985.71921 72378.32408 73899.05075 78598.41530 83834.63624 130028.7471 140232.3813 176872.6898 239237.3023 321725.6120 380971.9642 530710.0386 554417.5112 725042.1917 782649.4742 1580890.486 1995602.111 6127214.512 6167613.010 8053829.866 26608419.25
      sorted:	 6.476717182e-07 19.93983154 106.7616774 120.6437316 133.8246768 510.4183164 1096.405436 1839.680920 2909.165387 3200.291291 3585.767409 4201.506123 4650.430962 4902.257843 6360.414262 6621.375066 8403.757677 8789.236117 10027.52482 10444.77681 11228.05667 11989.83614 13703.54208 14154.19190 15401.53025 15732.79441 16505.32569 16928.49588 17460.10072 18531.87613 19088.27808 19281.73195 19950.79348 20297.85477 20526.93049 20891.10114 20987.33373 21163.17068 21466.59040 21544.93226 21808.96555 22166.60301 22410.79987 22790.56313 23210.46580 23710.55440 24189.91945 24529.46646 24921.80315 25219.07537 25720.43606 26050.22665 26379.89622 26949.49646 27095.61339 27399.38438 27799.69189 28016.95239 28481.24941 28731.97251 29052.91652 29152.04116 29269.33712 29558.23123 29756.01802 29826.71391 30304.26120 30555.71746 30651.23627 30818.78179 31100.72437 31169.71267 31395.68785 31919.19720 32169.79416 32189.21972 32662.03397 32809.81649 33160.16754 33248.61774 36314.03135 36727.71823 37399.44678 38352.74034 38408.06442 38599.32371 38634.78967 38898.44837 39066.37197 39241.00472 39397.13771 39439.48138 39556.55917 39972.09488 40065.56940 40175.54705 40288.63204 40315.87918 40483.70400 41028.51331 41114.30642 41306.59782 41641.39699 41779.89335 41935.46134 42023.18547 42127.63125 42309.68672 42397.18047 42502.49822 42533.90175 42630.97622 42842.34185 42961.36998 43119.67719 43197.04889 43407.73719 44185.85891 44331.05757 45170.66956 45266.41593 46545.35152 46750.98601 47258.99803 48294.42722 49673.39784 50394.68333 51552.57592 52053.34002 54400.05191 55980.40653 56439.75389 60483.61016 65160.31991 65736.40321 68885.39016 69985.71921 72378.32408 73899.05075 78598.41530 83834.63624 130028.7471 140232.3813 176872.6898 239237.3023 321725.6120 380971.9642 530710.0386 554417.5112 725042.1917 782649.4742 1580890.486 1995602.111 6127214.512 6167613.010 8053829.866 26608419.25
