fmsy
 0.019284
msy
 2.25285e+07
bmsy
1.08352e+09
bo
2.34626e+09
va
 1 1 1 1 1 1 1 1 1 1
 1 1 1 1 1 1 1 1 1 1
 1 1 1 1 1 1 1 1 1 1
 4.37828e-26 4.37829e-26 4.37829e-26 4.3783e-26 4.3783e-26 4.37832e-26 4.37834e-26 4.37838e-26 4.37852e-26 10
 1 1 1 1 1 1 1 1 1 1
 1 1 1 1 1 1 1 1 1 1
 1 1 1 1 1 1 1 1 1 1
 1 1 1 1 1 1 1 1 1 1
sbt
 1.87763e+09 1.87708e+09 2.02965e+09 1.99739e+09 2.00812e+09 1.98962e+09 2.01028e+09 2.02118e+09 2.11007e+09 2.01207e+09 1.95812e+09 2.00082e+09 2.0388e+09 1.93417e+09 2.04719e+09 2.24115e+09 2.15762e+09 2.23209e+09 2.25664e+09 2.32874e+09 2.11069e+09 2.36463e+09 2.3846e+09 2.39481e+09 2.37934e+09 2.37729e+09 2.49208e+09 2.5161e+09 2.51324e+09 2.45159e+09 2.37567e+09 2.27819e+09 2.31592e+09 2.20129e+09 2.24098e+09 2.3617e+09 2.35933e+09 2.32381e+09 2.35102e+09 2.43758e+09 2.23313e+09 2.15454e+09 2.19588e+09 2.32086e+09 2.26341e+09 2.35113e+09 2.32856e+09 2.18415e+09 2.20341e+09 2.20852e+09 2.1922e+09 2.05492e+09 2.16839e+09 2.13985e+09 2.13091e+09 2.03133e+09 2.09337e+09 2.09583e+09 2.22275e+09 2.10246e+09 2.06006e+09 2.0993e+09 0
log_rec_devs
 0 0 0 0 0 0 0 0 0 0 0 0 0 0 0 0 0 0 0 0 0 0 0 0 0 0 0 0 0 0 0 0 0 0 0 0 0 0 0 0 0 0 0 0 0 0 0 0 0 0 0 0 0 0 0 0 0 0 0 0 0 0
rt
 0 0 0 0 0 0 0 0 0 0 0 0 0 0 0 0 0 0 0 0 0 0 0 0 0 0 0 0 0 0 0 0 0 0 0 0 0 0 0 0 0 0 0 0 0 0 0 0 0 0 0 0 0 0 0 0 0 0 0 0 0
ct
 719376 401688 377507 399898 326817 520758 321402 409068 420327 301505 262382 307862 283642 195612 266550 233661 399202 385899 230129 334690 231016 215964 300915 235056 397102 629674 575972 528113 489912 241887 491265 591754 976869 1.08603e+06 968964 839316 1.07487e+06 885399 1.33125e+06 1.09805e+06 1.11791e+06 1.00008e+06 1.20624e+06 1.56843e+06 1.27086e+06 1.36306e+06 2.22237e+06 1.60426e+06 2.09972e+06 1.43107e+06 3.88348e+06 1.59692e+06 1.66013e+06 872741 1.16641e+06 1.16808e+06 963708 963869 348532 248739 159044 115611
 0 0 0 0 0 0 0 0 0 0 0 0 0 0 0 0 0 0 0 0 0 0 0 0 0 0 0 0 0 0 0 0 0 0 0 0 0 0 0 0 0 0 0 0 0 0 0 0 0 0 0 0 0 0 0 0 0 0 0 0 0 0
 0 0 0 0 0 0 0 0 0 0 0 0 0 0 0 0 0 0 0 0 0 0 0 0 0 0 0 0 0 0 0 0 0 0 0 0 0 0 0 0 0 0 0 0 0 0 0 0 0 0 0 0 0 0 0 0 0 0 0 0 0 0
 0 0 0 0 0 0 0 0 0 0 0 0 0 0 0 0 0 0 0 0 0 0 0 0 0 0 0 0 0 0 0 0 0 0 0 0 0 0 0 0 0 0 0 0 0 0 0 0 0 0 0 0 0 0 0 0 0 0 0 0 0 0
 0 0 0 0 0 0 0 0 0 0 0 0 0 0 0 0 0 0 0 0 0 0 0 0 0 0 0 0 0 0 0 0 0 0 0 0 0 0 0 0 0 0 0 0 0 0 0 0 0 0 0 0 0 0 0 0 0 0 0 0 0 0
 0 0 0 0 0 0 0 0 0 0 0 0 0 0 0 0 0 0 0 0 0 0 0 0 0 0 0 0 0 0 0 0 0 0 0 0 0 0 0 0 0 0 0 0 0 0 0 0 0 0 0 0 0 0 0 0 0 0 0 0 0 0
 0 0 0 0 0 0 0 0 0 0 0 0 0 0 0 0 0 0 0 0 0 0 0 0 0 0 0 0 0 0 0 0 0 0 0 0 0 0 0 0 0 0 0 0 0 0 0 0 0 0 0 0 0 0 0 0 0 0 0 0 0 0
 0 0 0 0 0 0 0 0 0 0 0 0 0 0 0 0 0 0 0 0 0 0 0 0 0 0 0 0 0 0 0 0 0 0 0 0 0 0 0 0 0 0 0 0 0 0 0 0 0 0 0 0 0 0 0 0 0 0 0 0 0 0
ft
 0.00035718 0.000199618 0.000173323 0.000186911 0.000152649 0.000244899 0.000149672 0.00018947 0.000187268 0.000140238 0.000125189 0.000143928 0.000130276 9.44151e-05 0.000122187 9.83504e-05 0.000174253 0.000163003 9.57713e-05 0.000135393 0.000102333 8.6069e-05 0.000118837 9.25991e-05 0.000157043 0.000248905 0.000217412 0.000197662 0.000183488 9.25475e-05 0.000194634 0.000243719 0.00039437 0.000460982 0.000404559 0.000333629 0.000427941 0.000358505 0.000532235 0.000424661 0.000470941 0.000434681 0.000514559 0.000637252 0.00052699 0.000545885 0.000901247 0.000687936 0.000896362 0.000605911 0.00166392 0.000727138 0.000718044 0.000381561 0.000513065 0.000538187 0.00043189 0.000431505 0.000147227 0.000110483 7.1858e-05 5.15749e-05
 0 0 0 0 0 0 0 0 0 0 0 0 0 0 0 0 0 0 0 0 0 0 0 0 0 0 0 0 0 0 0 0 0 0 0 0 0 0 0 0 0 0 0 0 0 0 0 0 0 0 0 0 0 0 0 0 0 0 0 0 0 0
 0 0 0 0 0 0 0 0 0 0 0 0 0 0 0 0 0 0 0 0 0 0 0 0 0 0 0 0 0 0 0 0 0 0 0 0 0 0 0 0 0 0 0 0 0 0 0 0 0 0 0 0 0 0 0 0 0 0 0 0 0 0
 0 0 0 0 0 0 0 0 0 0 0 0 0 0 0 0 0 0 0 0 0 0 0 0 0 0 0 0 0 0 0 0 0 0 0 0 0 0 0 0 0 0 0 0 0 0 0 0 0 0 0 0 0 0 0 0 0 0 0 0 0 0
 0 0 0 0 0 0 0 0 0 0 0 0 0 0 0 0 0 0 0 0 0 0 0 0 0 0 0 0 0 0 0 0 0 0 0 0 0 0 0 0 0 0 0 0 0 0 0 0 0 0 0 0 0 0 0 0 0 0 0 0 0 0
 0 0 0 0 0 0 0 0 0 0 0 0 0 0 0 0 0 0 0 0 0 0 0 0 0 0 0 0 0 0 0 0 0 0 0 0 0 0 0 0 0 0 0 0 0 0 0 0 0 0 0 0 0 0 0 0 0 0 0 0 0 0
 0 0 0 0 0 0 0 0 0 0 0 0 0 0 0 0 0 0 0 0 0 0 0 0 0 0 0 0 0 0 0 0 0 0 0 0 0 0 0 0 0 0 0 0 0 0 0 0 0 0 0 0 0 0 0 0 0 0 0 0 0 0
 0 0 0 0 0 0 0 0 0 0 0 0 0 0 0 0 0 0 0 0 0 0 0 0 0 0 0 0 0 0 0 0 0 0 0 0 0 0 0 0 0 0 0 0 0 0 0 0 0 0 0 0 0 0 0 0 0 0 0 0 0 0
iyr
 1981 1982 1983 1984 1985 1986 1987 1988 1989 1990 1991 1992 1993 1994 1995 1996 1997 1998 1999 2000 2001 2002 2003 2004 2005 2006 2007 2008 2009 2010 2011
 1975 1976 1977 1978 1979 1980 1981 1982 1983 1984 1985 1986 1987 1988 1989 1990 1991 1992 1993 1994 1995 1996 1997 1998 1999 2000 2001 2002 2003 2004 2005 2006 2007 2008 2009
 1955 1956 1957 1958 1959 1960 1961 1962 1963 1964 1965 1966 1967 1968 1969 1970 1971 1972 1973 1974 1975 1976 1977 1978 1979 1980
 1990 1991 1992 1993 1994 1995 1996 1997 1998 1999 2000 2001 2002 2003 2004 2005 2006 2007 2008 2009 2010 2011
 1952 1953 1954 1955 1956 1957 1958 1959 1960 1961 1962
 1963 1964 1965 1966 1967 1968 1969 1970 1971 1972 1973 1974 1975 1976 1977 1978 1979 1980 1981 1982 1983 1984 1985 1986 1987 1988 1989 1990 1991 1992 1993 1994 1995 1996 1997 1998 1999 2000 2001 2002 2003 2004 2005 2006
 2007 2008 2009 2010 2011
it
 2.4159e+07 2.40965e+07 2.40687e+07 2.39546e+07 2.38879e+07 2.39225e+07 2.39507e+07 2.3947e+07 2.39639e+07 2.40439e+07 2.39578e+07 2.3819e+07 2.37289e+07 2.37482e+07 2.37216e+07 2.37614e+07 2.37779e+07 2.36787e+07 2.36089e+07 2.35426e+07 2.34718e+07 2.33068e+07 2.32606e+07 2.31989e+07 2.3136e+07 2.29989e+07 2.29325e+07 2.28798e+07 2.29402e+07 2.28961e+07 2.28228e+07
 2.34559e+07 2.35604e+07 2.37367e+07 2.39083e+07 2.40573e+07 2.41426e+07 2.4159e+07 2.40965e+07 2.40687e+07 2.39546e+07 2.38879e+07 2.39225e+07 2.39507e+07 2.3947e+07 2.39639e+07 2.40439e+07 2.39578e+07 2.3819e+07 2.37289e+07 2.37482e+07 2.37216e+07 2.37614e+07 2.37779e+07 2.36787e+07 2.36089e+07 2.35426e+07 2.34718e+07 2.33068e+07 2.32606e+07 2.31989e+07 2.3136e+07 2.29989e+07 2.29325e+07 2.28798e+07 2.29402e+07
 1.37609e+10 1.41034e+10 1.43202e+10 1.53567e+10 1.44693e+10 1.39765e+10 1.43023e+10 1.46903e+10 1.35787e+10 1.47237e+10 1.6657e+10 1.5871e+10 1.6556e+10 1.66993e+10 1.74294e+10 1.51928e+10 1.76371e+10 1.77896e+10 1.77956e+10 1.74215e+10 1.75089e+10 1.85434e+10 1.88668e+10 1.87552e+10 1.82858e+10 1.74153e+10
 2.54438e+07 2.53523e+07 2.52062e+07 2.51122e+07 2.51315e+07 2.51035e+07 2.51494e+07 2.51646e+07 2.50618e+07 2.49849e+07 2.49257e+07 2.48411e+07 2.46663e+07 2.46139e+07 2.455e+07 2.44838e+07 2.43375e+07 2.42673e+07 2.42086e+07 2.42722e+07 2.42252e+07 2.41474e+07
 2.17639e+09 2.13788e+09 2.13934e+09 2.1248e+09 2.14573e+09 2.15736e+09 2.2428e+09 2.14831e+09 2.09429e+09 2.13737e+09 2.17558e+09
 2.07025e+09 2.17982e+09 2.37399e+09 2.28918e+09 2.36562e+09 2.40107e+09 2.47011e+09 2.25577e+09 2.50728e+09 2.53023e+09 2.53649e+09 2.52669e+09 2.52784e+09 2.64719e+09 2.66975e+09 2.66795e+09 2.61166e+09 2.52211e+09 2.42616e+09 2.47514e+09 2.3541e+09 2.39327e+09 2.51379e+09 2.5098e+09 2.4678e+09 2.49932e+09 2.58373e+09 2.37195e+09 2.29896e+09 2.34242e+09 2.45934e+09 2.4097e+09 2.49504e+09 2.46397e+09 2.33019e+09 2.34068e+09 2.36003e+09 2.33211e+09 2.19448e+09 2.31023e+09 2.28554e+09 2.27166e+09 2.16873e+09 2.22966e+09
 2.23203e+09 2.3655e+09 2.24965e+09 2.21162e+09 2.2399e+09
N
 3.26902e+06 2.85524e+06 2.49383e+06 2.17817e+06 1.90246e+06 1.66165e+06 1.45133e+06 1.26762e+06 1.10717e+06 7.63984e+06
 2.85356e+06 2.85422e+06 2.49294e+06 2.17739e+06 1.90178e+06 1.66106e+06 1.45081e+06 1.26717e+06 1.10677e+06 7.63711e+06
 2.85303e+06 2.49187e+06 2.49244e+06 2.17695e+06 1.9014e+06 1.66073e+06 1.45052e+06 1.26692e+06 1.10655e+06 7.63559e+06
 2.99635e+06 2.49147e+06 2.17608e+06 2.17658e+06 1.90107e+06 1.66044e+06 1.45027e+06 1.2667e+06 1.10636e+06 7.63426e+06
 2.96674e+06 2.6166e+06 2.1757e+06 1.90028e+06 1.90072e+06 1.66013e+06 1.45e+06 1.26646e+06 1.10616e+06 7.63284e+06
 2.97664e+06 2.59082e+06 2.28505e+06 1.90002e+06 1.6595e+06 1.65988e+06 1.44977e+06 1.26627e+06 1.10599e+06 7.63167e+06
 2.95956e+06 2.59923e+06 2.26233e+06 1.99532e+06 1.65911e+06 1.44909e+06 1.44942e+06 1.26596e+06 1.10572e+06 7.6298e+06
 2.97862e+06 2.58456e+06 2.26988e+06 1.97568e+06 1.7425e+06 1.44889e+06 1.26548e+06 1.26577e+06 1.10555e+06 7.62866e+06
 2.98861e+06 2.6011e+06 2.25699e+06 1.98219e+06 1.72527e+06 1.52165e+06 1.26525e+06 1.10509e+06 1.10534e+06 7.62722e+06
 3.06864e+06 2.60984e+06 2.27144e+06 1.97093e+06 1.73097e+06 1.50661e+06 1.3288e+06 1.1049e+06 965028 7.62579e+06
 2.98027e+06 2.67985e+06 2.27917e+06 1.98365e+06 1.72122e+06 1.51166e+06 1.31572e+06 1.16044e+06 964906 7.50236e+06
 2.9302e+06 2.60271e+06 2.34035e+06 1.99043e+06 1.73235e+06 1.50316e+06 1.32015e+06 1.14904e+06 1.01343e+06 7.39458e+06
 2.96991e+06 2.55893e+06 2.27294e+06 2.04382e+06 1.73824e+06 1.51285e+06 1.31271e+06 1.15288e+06 1.00345e+06 7.34269e+06
 3.00469e+06 2.59365e+06 2.23474e+06 1.98498e+06 1.78489e+06 1.51802e+06 1.32119e+06 1.1464e+06 1.00682e+06 7.28877e+06
 2.90764e+06 2.62412e+06 2.26514e+06 1.95169e+06 1.73356e+06 1.55881e+06 1.32575e+06 1.15385e+06 1.0012e+06 7.24488e+06
 3.01231e+06 2.53929e+06 2.29169e+06 1.97818e+06 1.70444e+06 1.51395e+06 1.36134e+06 1.1578e+06 1.00767e+06 7.20143e+06
 3.18196e+06 2.63076e+06 2.21766e+06 2.00141e+06 1.72762e+06 1.48855e+06 1.32219e+06 1.18891e+06 1.01115e+06 7.16932e+06
 3.11038e+06 2.77871e+06 2.29737e+06 1.93661e+06 1.74778e+06 1.50868e+06 1.29991e+06 1.15463e+06 1.03824e+06 7.14376e+06
 3.1743e+06 2.71624e+06 2.4266e+06 2.00625e+06 1.69121e+06 1.5263e+06 1.3175e+06 1.13519e+06 1.00831e+06 7.14518e+06
 3.195e+06 2.77224e+06 2.3722e+06 2.11924e+06 1.75213e+06 1.477e+06 1.33298e+06 1.15063e+06 991403 7.12077e+06
 3.25473e+06 2.79021e+06 2.42101e+06 2.07165e+06 1.85074e+06 1.53015e+06 1.28987e+06 1.1641e+06 1.00485e+06 7.0844e+06
 3.06919e+06 2.84246e+06 2.43678e+06 2.11435e+06 1.80924e+06 1.61632e+06 1.33633e+06 1.12649e+06 1.01664e+06 7.06461e+06
 3.2839e+06 2.68047e+06 2.48246e+06 2.12816e+06 1.84656e+06 1.5801e+06 1.41161e+06 1.16708e+06 983814 7.05774e+06
 3.29996e+06 2.86789e+06 2.34091e+06 2.16798e+06 1.85856e+06 1.61264e+06 1.37993e+06 1.23278e+06 1.01923e+06 7.02285e+06
 3.30814e+06 2.882e+06 2.50465e+06 2.04442e+06 1.89339e+06 1.62316e+06 1.40839e+06 1.20515e+06 1.07664e+06 7.02349e+06
 3.29575e+06 2.88895e+06 2.51681e+06 2.18728e+06 1.78536e+06 1.65347e+06 1.41748e+06 1.22992e+06 1.05244e+06 7.07373e+06
 3.2941e+06 2.87786e+06 2.52265e+06 2.19769e+06 1.90994e+06 1.55899e+06 1.44382e+06 1.23775e+06 1.07398e+06 7.09582e+06
 3.38454e+06 2.87651e+06 2.51305e+06 2.20286e+06 1.9191e+06 1.66782e+06 1.36136e+06 1.26079e+06 1.08085e+06 7.13413e+06
 3.40301e+06 2.95555e+06 2.51192e+06 2.19452e+06 1.92365e+06 1.67585e+06 1.45643e+06 1.18881e+06 1.10098e+06 7.17374e+06
 3.40082e+06 2.97172e+06 2.58097e+06 2.19356e+06 1.91639e+06 1.67985e+06 1.46346e+06 1.27185e+06 1.03814e+06 7.22601e+06
 3.35305e+06 2.97008e+06 2.59533e+06 2.25407e+06 1.91573e+06 1.67367e+06 1.46708e+06 1.2781e+06 1.11076e+06 7.21743e+06
 3.29279e+06 2.92806e+06 2.59363e+06 2.26638e+06 1.96838e+06 1.67292e+06 1.46153e+06 1.28114e+06 1.1161e+06 7.27261e+06
 3.21301e+06 2.8753e+06 2.55681e+06 2.26478e+06 1.97902e+06 1.71881e+06 1.46081e+06 1.27623e+06 1.1187e+06 7.32511e+06
 3.24422e+06 2.80521e+06 2.51036e+06 2.2323e+06 1.97734e+06 1.72784e+06 1.50065e+06 1.2754e+06 1.11425e+06 7.37211e+06
 3.14807e+06 2.83227e+06 2.44901e+06 2.1916e+06 1.94884e+06 1.72625e+06 1.50844e+06 1.3101e+06 1.11345e+06 7.40876e+06
 3.18181e+06 2.74849e+06 2.47277e+06 2.13815e+06 1.91342e+06 1.70148e+06 1.50714e+06 1.31698e+06 1.14381e+06 7.44049e+06
 3.28153e+06 2.77814e+06 2.39979e+06 2.15905e+06 1.86689e+06 1.67066e+06 1.48561e+06 1.31593e+06 1.14989e+06 7.49522e+06
 3.27961e+06 2.86494e+06 2.42545e+06 2.09514e+06 1.88496e+06 1.62989e+06 1.45857e+06 1.29701e+06 1.14887e+06 7.54761e+06
 3.25069e+06 2.86346e+06 2.50141e+06 2.11769e+06 1.82928e+06 1.64578e+06 1.42307e+06 1.27349e+06 1.13244e+06 7.59299e+06
 3.27288e+06 2.83772e+06 2.49968e+06 2.18362e+06 1.84865e+06 1.59689e+06 1.4367e+06 1.24228e+06 1.11171e+06 7.61693e+06
 3.34205e+06 2.85739e+06 2.47748e+06 2.18235e+06 1.90642e+06 1.61397e+06 1.39417e+06 1.25431e+06 1.08458e+06 7.62056e+06
 3.17518e+06 2.91765e+06 2.49454e+06 2.16287e+06 1.90522e+06 1.66432e+06 1.40902e+06 1.21712e+06 1.09503e+06 7.59968e+06
 3.1077e+06 2.77207e+06 2.54724e+06 2.17784e+06 1.88828e+06 1.66334e+06 1.45303e+06 1.23013e+06 1.0626e+06 7.59086e+06
 3.14344e+06 2.71294e+06 2.41995e+06 2.22367e+06 1.9012e+06 1.64842e+06 1.45205e+06 1.26845e+06 1.07387e+06 7.55425e+06
 3.24828e+06 2.7438e+06 2.36804e+06 2.11229e+06 1.94097e+06 1.65949e+06 1.43885e+06 1.26745e+06 1.10719e+06 7.5312e+06
 3.20067e+06 2.83562e+06 2.39524e+06 2.06721e+06 1.84395e+06 1.69439e+06 1.44867e+06 1.25606e+06 1.10643e+06 7.54099e+06
 3.27297e+06 2.79401e+06 2.47535e+06 2.09092e+06 1.80456e+06 1.60967e+06 1.47911e+06 1.26461e+06 1.09647e+06 7.54874e+06
 3.25458e+06 2.85611e+06 2.43816e+06 2.16008e+06 1.82461e+06 1.57473e+06 1.40466e+06 1.29073e+06 1.10355e+06 7.54413e+06
 3.13335e+06 2.84067e+06 2.49288e+06 2.12808e+06 1.88536e+06 1.59256e+06 1.37446e+06 1.22602e+06 1.12658e+06 7.54788e+06
 3.14989e+06 2.73429e+06 2.47889e+06 2.17539e+06 1.85705e+06 1.64525e+06 1.38973e+06 1.19941e+06 1.06987e+06 7.56968e+06
 3.15426e+06 2.74952e+06 2.38674e+06 2.16381e+06 1.89888e+06 1.621e+06 1.43612e+06 1.21309e+06 1.04695e+06 7.54142e+06
 3.14028e+06 2.75042e+06 2.3975e+06 2.08117e+06 1.88678e+06 1.65577e+06 1.41347e+06 1.25226e+06 1.05778e+06 7.48881e+06
 3.01931e+06 2.7408e+06 2.40054e+06 2.09251e+06 1.81642e+06 1.64676e+06 1.44514e+06 1.23366e+06 1.09296e+06 7.45936e+06
 3.11974e+06 2.63524e+06 2.39216e+06 2.09518e+06 1.82634e+06 1.58537e+06 1.43728e+06 1.26131e+06 1.07673e+06 7.46443e+06
 3.09487e+06 2.72381e+06 2.3008e+06 2.08857e+06 1.82928e+06 1.59456e+06 1.38417e+06 1.25488e+06 1.10124e+06 7.4572e+06
 3.08702e+06 2.70174e+06 2.37782e+06 2.00854e+06 1.82327e+06 1.59691e+06 1.39201e+06 1.20834e+06 1.09548e+06 7.4713e+06
 2.99789e+06 2.69483e+06 2.35849e+06 2.07572e+06 1.75336e+06 1.59163e+06 1.39403e+06 1.21516e+06 1.05483e+06 7.47839e+06
 3.05381e+06 2.6173e+06 2.35271e+06 2.05907e+06 1.8122e+06 1.53077e+06 1.38956e+06 1.21705e+06 1.06089e+06 7.44989e+06
 3.056e+06 2.66612e+06 2.28502e+06 2.05402e+06 1.79767e+06 1.58214e+06 1.33643e+06 1.21315e+06 1.06254e+06 7.43031e+06
 3.16638e+06 2.66879e+06 2.32831e+06 1.99549e+06 1.79377e+06 1.56989e+06 1.38167e+06 1.1671e+06 1.05944e+06 7.41676e+06
 3.0619e+06 2.76528e+06 2.33073e+06 2.03337e+06 1.74272e+06 1.56654e+06 1.37103e+06 1.20665e+06 1.01926e+06 7.40249e+06
 3.02395e+06 2.67414e+06 2.41509e+06 2.03556e+06 1.77587e+06 1.52202e+06 1.36816e+06 1.1974e+06 1.05384e+06 7.35522e+06
 3.05909e+06 2.64105e+06 2.33554e+06 2.10929e+06 1.77782e+06 1.551e+06 1.3293e+06 1.19492e+06 1.04578e+06 7.34429e+06
A
 1950 1 0.126577 0.110555 0.0965615 0.084339 0.0736637 0.0643395 0.0561956 0.0490826 0.0428698 0.295816
 1951 1 0.112333 0.112358 0.0981363 0.0857145 0.074865 0.0653888 0.0571121 0.049883 0.043569 0.30064
 1952 1 0.113957 0.0995315 0.0995542 0.086953 0.0759467 0.0663336 0.0579373 0.0506038 0.0441985 0.304984
 1953 1 0.120531 0.100222 0.0875348 0.0875549 0.0764724 0.0667928 0.0583383 0.0509541 0.0445044 0.307095
 1954 1 0.12023 0.10604 0.0881721 0.0770105 0.0770282 0.0672782 0.0587623 0.0513244 0.0448279 0.309327
 1955 1 0.121369 0.105638 0.0931699 0.0774708 0.0676639 0.0676794 0.0591127 0.0516304 0.0450952 0.311172
 1956 1 0.121415 0.106633 0.0928115 0.0818576 0.0680647 0.0594485 0.0594621 0.0519355 0.0453617 0.313011
 1957 1 0.122751 0.106511 0.0935434 0.0814188 0.0718095 0.0597097 0.0521511 0.0521631 0.0455604 0.314382
 1958 1 0.123605 0.107578 0.093346 0.0819809 0.0713551 0.0629335 0.0523293 0.045705 0.0457154 0.315452
 1959 1 0.126893 0.107921 0.0939273 0.081501 0.0715781 0.0623006 0.0549477 0.045689 0.0399053 0.315338
 1960 1 0.123666 0.1112 0.0945744 0.0823116 0.0714221 0.0627263 0.0545961 0.0481525 0.0400388 0.311311
 1961 1 0.122212 0.108553 0.0976105 0.0830163 0.0722522 0.0626935 0.0550604 0.0479238 0.0422677 0.308411
 1962 1 0.12422 0.107031 0.0950685 0.0854853 0.072704 0.063277 0.0549057 0.0482208 0.0419707 0.307117
 1963 1 0.125803 0.108593 0.0935659 0.0831086 0.074731 0.0635576 0.0553166 0.0479984 0.0421545 0.305172
 1964 1 0.122341 0.110412 0.0953075 0.0821189 0.072941 0.0655883 0.0557819 0.0485491 0.0421262 0.304834
 1965 1 0.126738 0.106836 0.0964186 0.0832285 0.0717113 0.0636966 0.0572758 0.0487122 0.0423961 0.302987
 1966 1 0.132917 0.109892 0.0926357 0.083603 0.072166 0.0621797 0.0552303 0.0496629 0.0422376 0.299476
 1967 1 0.129513 0.115702 0.0956596 0.0806382 0.0727753 0.0628196 0.0541267 0.0480773 0.0432309 0.297458
 1968 1 0.131457 0.112487 0.100492 0.0830845 0.0700378 0.0632085 0.0545616 0.0470113 0.0417572 0.295903
 1969 1 0.13157 0.114161 0.0976873 0.0872705 0.072153 0.0608229 0.0548921 0.0473829 0.040826 0.293234
 1970 1 0.133054 0.114064 0.0989715 0.0846896 0.0756588 0.0625528 0.0527302 0.0475885 0.0410784 0.289612
 1971 1 0.12562 0.11634 0.0997357 0.0865387 0.0740509 0.0661546 0.0546949 0.0461062 0.0416105 0.289149
 1972 1 0.133373 0.108865 0.100823 0.0864336 0.0749968 0.0641745 0.0573313 0.0474001 0.0399569 0.286645
 1973 1 0.133048 0.115628 0.0943811 0.0874088 0.0749338 0.0650186 0.0556362 0.0497035 0.0410936 0.283148
 1974 1 0.132488 0.115421 0.100309 0.0818768 0.0758283 0.065006 0.0564044 0.0482651 0.0431184 0.281284
 1975 1 0.131298 0.115092 0.100266 0.0871384 0.0711265 0.0658721 0.0564708 0.0489986 0.041928 0.281809
 1976 1 0.130653 0.114144 0.100055 0.0871664 0.0757535 0.0618336 0.0572657 0.0490927 0.0425968 0.281439
 1977 1 0.133244 0.113244 0.0989349 0.0867233 0.0755519 0.0656598 0.0535946 0.0496354 0.0425514 0.28086
 1978 1 0.133011 0.115521 0.0981814 0.0857755 0.0751882 0.0655027 0.0569263 0.046466 0.0430334 0.280394
 1979 1 0.132108 0.115439 0.10026 0.0852109 0.0744439 0.0652552 0.0568493 0.0494059 0.0403275 0.2807
 1980 1 0.129786 0.114962 0.100457 0.0872478 0.0741517 0.0647821 0.056786 0.0494711 0.0429937 0.279363
 1981 1 0.127363 0.113256 0.10032 0.0876622 0.0761356 0.0647075 0.0565313 0.0495536 0.0431703 0.2813
 1982 1 0.12459 0.111495 0.0991452 0.0878212 0.0767403 0.0666499 0.0566456 0.049488 0.0433797 0.284045
 1983 1 0.125942 0.108899 0.0974531 0.0866587 0.0767609 0.0670755 0.0582559 0.0495116 0.0432554 0.286188
 1984 1 0.122795 0.110477 0.095527 0.0854864 0.0760174 0.067335 0.058839 0.0511023 0.0434318 0.288989
 1985 1 0.124462 0.107512 0.0967266 0.0836375 0.0748465 0.0665561 0.0589544 0.0515158 0.044742 0.291047
 1986 1 0.128171 0.10851 0.0937318 0.084329 0.0729176 0.0652534 0.0580256 0.0513981 0.0449129 0.292751
 1987 1 0.12795 0.111772 0.0946258 0.0817389 0.0735392 0.0635878 0.0569042 0.0506012 0.0448217 0.29446
 1988 1 0.12683 0.111722 0.0975957 0.0826244 0.0713719 0.0642122 0.055523 0.0496871 0.0441835 0.296251
 1989 1 0.127612 0.110645 0.0974647 0.0851413 0.0720805 0.062264 0.0560179 0.0484376 0.0433464 0.29699
 1990 1 0.129873 0.111039 0.0962752 0.0848067 0.0740837 0.0627192 0.0541776 0.0487427 0.0421468 0.296136
 1991 1 0.123834 0.11379 0.0972884 0.0843531 0.0743047 0.0649096 0.0549525 0.0474686 0.0427067 0.296392
 1992 1 0.121904 0.108738 0.0999187 0.0854286 0.0740701 0.0652467 0.0569969 0.0482536 0.041682 0.297761
 1993 1 0.123766 0.106816 0.0952801 0.0875522 0.0748554 0.0649027 0.0571714 0.0499426 0.0422814 0.297432
 1994 1 0.127797 0.107949 0.0931654 0.0831037 0.0763633 0.0652892 0.0566084 0.0498651 0.0435601 0.296299
 1995 1 0.126064 0.111686 0.0943407 0.0814206 0.0726273 0.0667366 0.0570586 0.0494721 0.0435789 0.297015
 1996 1 0.128673 0.109843 0.0973151 0.0822017 0.070944 0.0632822 0.0581495 0.0497167 0.0431064 0.296769
 1997 1 0.127875 0.112219 0.0957968 0.0848709 0.0716901 0.061872 0.05519 0.0507136 0.0433592 0.296414
 1998 1 0.123614 0.112068 0.0983468 0.083955 0.0743797 0.0628282 0.0542238 0.0483677 0.0444447 0.297772
 1999 1 0.124652 0.108205 0.0980982 0.0860876 0.0734898 0.0651081 0.0549965 0.0474647 0.0423386 0.299559
 2000 1 0.12511 0.109057 0.0946678 0.0858251 0.0753172 0.0642955 0.0569624 0.0481159 0.0415263 0.299122
 2001 1 0.12499 0.109473 0.095426 0.0828352 0.0750978 0.0659033 0.0562592 0.0498427 0.0421019 0.298071
 2002 1 0.121027 0.109863 0.0962237 0.0838769 0.07281 0.066009 0.0579272 0.0494503 0.0438104 0.299003
 2003 1 0.125322 0.10586 0.0960946 0.0841648 0.0733652 0.0636853 0.0577366 0.0506676 0.0432531 0.299851
 2004 1 0.124645 0.109701 0.0926646 0.0841168 0.073674 0.0642206 0.0557472 0.05054 0.0443522 0.300338
 2005 1 0.124666 0.109106 0.0960252 0.0811125 0.0736304 0.0644894 0.0562145 0.0487974 0.0442394 0.301719
 2006 1 0.121794 0.109482 0.0958179 0.0843299 0.0712335 0.0646626 0.056635 0.0493679 0.0428542 0.303823
 2007 1 0.124426 0.10664 0.0958597 0.0838957 0.0738371 0.0623702 0.0566169 0.0495881 0.0432252 0.303541
 2008 1 0.124819 0.108895 0.0933293 0.0838945 0.0734239 0.0646208 0.0545852 0.04955 0.0433985 0.303483
 2009 1 0.128989 0.108719 0.0948487 0.0812908 0.073073 0.063953 0.0562854 0.0475443 0.0431586 0.302138
 2010 1 0.124976 0.112869 0.0951318 0.0829949 0.0711315 0.0639407 0.0559604 0.0492511 0.0416024 0.302143
 2011 1 0.123824 0.109501 0.0988929 0.0833522 0.0727181 0.0623236 0.0560232 0.0490311 0.0431526 0.301181
 1970 2 0.133054 0.114064 0.0989715 0.0846896 0.0756588 0.0625528 0.0527302 0.0475885 0.0410784 0.289612
 1971 2 0.12562 0.11634 0.0997357 0.0865387 0.0740509 0.0661546 0.0546949 0.0461062 0.0416105 0.289149
 1972 2 0.133373 0.108865 0.100823 0.0864336 0.0749968 0.0641745 0.0573313 0.0474001 0.0399569 0.286645
 1973 2 0.133048 0.115628 0.0943811 0.0874088 0.0749338 0.0650186 0.0556362 0.0497035 0.0410936 0.283148
 1974 2 0.132488 0.115421 0.100309 0.0818768 0.0758283 0.065006 0.0564044 0.0482651 0.0431184 0.281284
 1975 2 0.131298 0.115092 0.100266 0.0871384 0.0711265 0.0658721 0.0564708 0.0489986 0.041928 0.281809
 1976 2 0.130653 0.114144 0.100055 0.0871664 0.0757535 0.0618336 0.0572657 0.0490927 0.0425968 0.281439
 1977 2 0.133244 0.113244 0.0989349 0.0867233 0.0755519 0.0656598 0.0535946 0.0496354 0.0425514 0.28086
 1978 2 0.133011 0.115521 0.0981814 0.0857755 0.0751882 0.0655027 0.0569263 0.046466 0.0430334 0.280394
 1979 2 0.132108 0.115439 0.10026 0.0852109 0.0744439 0.0652552 0.0568493 0.0494059 0.0403275 0.2807
 1980 2 0.129786 0.114962 0.100457 0.0872478 0.0741517 0.0647821 0.056786 0.0494711 0.0429937 0.279363
 1981 2 0.127363 0.113256 0.10032 0.0876622 0.0761356 0.0647075 0.0565313 0.0495536 0.0431703 0.2813
 1982 2 0.12459 0.111495 0.0991452 0.0878212 0.0767403 0.0666499 0.0566456 0.049488 0.0433797 0.284045
 1983 2 0.125942 0.108899 0.0974531 0.0866587 0.0767609 0.0670755 0.0582559 0.0495116 0.0432554 0.286188
 1984 2 0.122795 0.110477 0.095527 0.0854864 0.0760174 0.067335 0.058839 0.0511023 0.0434318 0.288989
 1985 2 0.124462 0.107512 0.0967266 0.0836375 0.0748465 0.0665561 0.0589544 0.0515158 0.044742 0.291047
 1986 2 0.128171 0.10851 0.0937318 0.084329 0.0729176 0.0652534 0.0580256 0.0513981 0.0449129 0.292751
 1987 2 0.12795 0.111772 0.0946258 0.0817389 0.0735392 0.0635878 0.0569042 0.0506012 0.0448217 0.29446
 1988 2 0.12683 0.111722 0.0975957 0.0826244 0.0713719 0.0642122 0.055523 0.0496871 0.0441835 0.296251
 1989 2 0.127612 0.110645 0.0974647 0.0851413 0.0720805 0.062264 0.0560179 0.0484376 0.0433464 0.29699
 1990 2 0.129873 0.111039 0.0962752 0.0848067 0.0740837 0.0627192 0.0541776 0.0487427 0.0421468 0.296136
 1991 2 0.123834 0.11379 0.0972884 0.0843531 0.0743047 0.0649096 0.0549525 0.0474686 0.0427067 0.296392
 1992 2 0.121904 0.108738 0.0999187 0.0854286 0.0740701 0.0652467 0.0569969 0.0482536 0.041682 0.297761
 1993 2 0.123766 0.106816 0.0952801 0.0875522 0.0748554 0.0649027 0.0571714 0.0499426 0.0422814 0.297432
 1994 2 0.127797 0.107949 0.0931654 0.0831037 0.0763633 0.0652892 0.0566084 0.0498651 0.0435601 0.296299
 1995 2 0.126064 0.111686 0.0943407 0.0814206 0.0726273 0.0667366 0.0570586 0.0494721 0.0435789 0.297015
 1996 2 0.128673 0.109843 0.0973151 0.0822017 0.070944 0.0632822 0.0581495 0.0497167 0.0431064 0.296769
 1997 2 0.127875 0.112219 0.0957968 0.0848709 0.0716901 0.061872 0.05519 0.0507136 0.0433592 0.296414
 1998 2 0.123614 0.112068 0.0983468 0.083955 0.0743797 0.0628282 0.0542238 0.0483677 0.0444447 0.297772
 1999 2 0.124652 0.108205 0.0980982 0.0860876 0.0734898 0.0651081 0.0549965 0.0474647 0.0423386 0.299559
 2000 2 0.12511 0.109057 0.0946678 0.0858251 0.0753172 0.0642955 0.0569624 0.0481159 0.0415263 0.299122
 2001 2 0.12499 0.109473 0.095426 0.0828352 0.0750978 0.0659033 0.0562592 0.0498427 0.0421019 0.298071
 2002 2 0.121027 0.109863 0.0962237 0.0838769 0.07281 0.066009 0.0579272 0.0494503 0.0438104 0.299003
 2003 2 0.125322 0.10586 0.0960946 0.0841648 0.0733652 0.0636853 0.0577366 0.0506676 0.0432531 0.299851
 2004 2 0.124645 0.109701 0.0926646 0.0841168 0.073674 0.0642206 0.0557472 0.05054 0.0443522 0.300338
 2005 2 0.124666 0.109106 0.0960252 0.0811125 0.0736304 0.0644894 0.0562145 0.0487974 0.0442394 0.301719
 2006 2 0.121794 0.109482 0.0958179 0.0843299 0.0712335 0.0646626 0.056635 0.0493679 0.0428542 0.303823
 2007 2 0.124426 0.10664 0.0958597 0.0838957 0.0738371 0.0623702 0.0566169 0.0495881 0.0432252 0.303541
 2008 2 0.124819 0.108895 0.0933293 0.0838945 0.0734239 0.0646208 0.0545852 0.04955 0.0433985 0.303483
 2009 2 0.128989 0.108719 0.0948487 0.0812908 0.073073 0.063953 0.0562854 0.0475443 0.0431586 0.302138
 2010 2 0.124976 0.112869 0.0951318 0.0829949 0.0711315 0.0639407 0.0559604 0.0492511 0.0416024 0.302143
 2011 2 0.123824 0.109501 0.0988929 0.0833522 0.0727181 0.0623236 0.0560232 0.0490311 0.0431526 0.301181
 1970 3 0.133054 0.114064 0.0989715 0.0846896 0.0756588 0.0625528 0.0527302 0.0475885 0.0410784 0.289612
 1971 3 0.12562 0.11634 0.0997357 0.0865387 0.0740509 0.0661546 0.0546949 0.0461062 0.0416105 0.289149
 1972 3 0.133373 0.108865 0.100823 0.0864336 0.0749968 0.0641745 0.0573313 0.0474001 0.0399569 0.286645
 1973 3 0.133048 0.115628 0.0943811 0.0874088 0.0749338 0.0650186 0.0556362 0.0497035 0.0410936 0.283148
 1974 3 0.132488 0.115421 0.100309 0.0818768 0.0758283 0.065006 0.0564044 0.0482651 0.0431184 0.281284
 1975 3 0.131298 0.115092 0.100266 0.0871384 0.0711265 0.0658721 0.0564708 0.0489986 0.041928 0.281809
 1976 3 0.130653 0.114144 0.100055 0.0871664 0.0757535 0.0618336 0.0572657 0.0490927 0.0425968 0.281439
 1977 3 0.133244 0.113244 0.0989349 0.0867233 0.0755519 0.0656598 0.0535946 0.0496354 0.0425514 0.28086
 1978 3 0.133011 0.115521 0.0981814 0.0857755 0.0751882 0.0655027 0.0569263 0.046466 0.0430334 0.280394
 1979 3 0.132108 0.115439 0.10026 0.0852109 0.0744439 0.0652552 0.0568493 0.0494059 0.0403275 0.2807
 1980 3 0.129786 0.114962 0.100457 0.0872478 0.0741517 0.0647821 0.056786 0.0494711 0.0429937 0.279363
 1981 3 0.127363 0.113256 0.10032 0.0876622 0.0761356 0.0647075 0.0565313 0.0495536 0.0431703 0.2813
 1982 3 0.12459 0.111495 0.0991452 0.0878212 0.0767403 0.0666499 0.0566456 0.049488 0.0433797 0.284045
 1983 3 0.125942 0.108899 0.0974531 0.0866587 0.0767609 0.0670755 0.0582559 0.0495116 0.0432554 0.286188
 1984 3 0.122795 0.110477 0.095527 0.0854864 0.0760174 0.067335 0.058839 0.0511023 0.0434318 0.288989
 1985 3 0.124462 0.107512 0.0967266 0.0836375 0.0748465 0.0665561 0.0589544 0.0515158 0.044742 0.291047
 1986 3 0.128171 0.10851 0.0937318 0.084329 0.0729176 0.0652534 0.0580256 0.0513981 0.0449129 0.292751
 1987 3 0.12795 0.111772 0.0946258 0.0817389 0.0735392 0.0635878 0.0569042 0.0506012 0.0448217 0.29446
 1988 3 0.12683 0.111722 0.0975957 0.0826244 0.0713719 0.0642122 0.055523 0.0496871 0.0441835 0.296251
 1989 3 0.127612 0.110645 0.0974647 0.0851413 0.0720805 0.062264 0.0560179 0.0484376 0.0433464 0.29699
 1990 3 0.129873 0.111039 0.0962752 0.0848067 0.0740837 0.0627192 0.0541776 0.0487427 0.0421468 0.296136
 1991 3 0.123834 0.11379 0.0972884 0.0843531 0.0743047 0.0649096 0.0549525 0.0474686 0.0427067 0.296392
 1992 3 0.121904 0.108738 0.0999187 0.0854286 0.0740701 0.0652467 0.0569969 0.0482536 0.041682 0.297761
 1993 3 0.123766 0.106816 0.0952801 0.0875522 0.0748554 0.0649027 0.0571714 0.0499426 0.0422814 0.297432
 1994 3 0.127797 0.107949 0.0931654 0.0831037 0.0763633 0.0652892 0.0566084 0.0498651 0.0435601 0.296299
 1995 3 0.126064 0.111686 0.0943407 0.0814206 0.0726273 0.0667366 0.0570586 0.0494721 0.0435789 0.297015
 1996 3 0.128673 0.109843 0.0973151 0.0822017 0.070944 0.0632822 0.0581495 0.0497167 0.0431064 0.296769
 1997 3 0.127875 0.112219 0.0957968 0.0848709 0.0716901 0.061872 0.05519 0.0507136 0.0433592 0.296414
 1998 3 0.123614 0.112068 0.0983468 0.083955 0.0743797 0.0628282 0.0542238 0.0483677 0.0444447 0.297772
 1999 3 0.124652 0.108205 0.0980982 0.0860876 0.0734898 0.0651081 0.0549965 0.0474647 0.0423386 0.299559
 2000 3 0.12511 0.109057 0.0946678 0.0858251 0.0753172 0.0642955 0.0569624 0.0481159 0.0415263 0.299122
 2001 3 0.12499 0.109473 0.095426 0.0828352 0.0750978 0.0659033 0.0562592 0.0498427 0.0421019 0.298071
 2002 3 0.121027 0.109863 0.0962237 0.0838769 0.07281 0.066009 0.0579272 0.0494503 0.0438104 0.299003
 2003 3 0.125322 0.10586 0.0960946 0.0841648 0.0733652 0.0636853 0.0577366 0.0506676 0.0432531 0.299851
 2004 3 0.124645 0.109701 0.0926646 0.0841168 0.073674 0.0642206 0.0557472 0.05054 0.0443522 0.300338
 2005 3 0.124666 0.109106 0.0960252 0.0811125 0.0736304 0.0644894 0.0562145 0.0487974 0.0442394 0.301719
 2006 3 0.121794 0.109482 0.0958179 0.0843299 0.0712335 0.0646626 0.056635 0.0493679 0.0428542 0.303823
 2007 3 0.124426 0.10664 0.0958597 0.0838957 0.0738371 0.0623702 0.0566169 0.0495881 0.0432252 0.303541
 2008 3 0.124819 0.108895 0.0933293 0.0838945 0.0734239 0.0646208 0.0545852 0.04955 0.0433985 0.303483
 2009 3 0.128989 0.108719 0.0948487 0.0812908 0.073073 0.063953 0.0562854 0.0475443 0.0431586 0.302138
 1970 5 0.133054 0.114064 0.0989715 0.0846896 0.0756588 0.0625528 0.0527302 0.0475885 0.0410784 0.289612
 1971 5 0.12562 0.11634 0.0997357 0.0865387 0.0740509 0.0661546 0.0546949 0.0461062 0.0416105 0.289149
 1972 5 0.133373 0.108865 0.100823 0.0864336 0.0749968 0.0641745 0.0573313 0.0474001 0.0399569 0.286645
 1973 5 0.133048 0.115628 0.0943811 0.0874088 0.0749338 0.0650186 0.0556362 0.0497035 0.0410936 0.283148
 1974 5 0.132488 0.115421 0.100309 0.0818768 0.0758283 0.065006 0.0564044 0.0482651 0.0431184 0.281284
 1975 5 0.131298 0.115092 0.100266 0.0871384 0.0711265 0.0658721 0.0564708 0.0489986 0.041928 0.281809
 1976 5 0.130653 0.114144 0.100055 0.0871664 0.0757535 0.0618336 0.0572657 0.0490927 0.0425968 0.281439
 1977 5 0.133244 0.113244 0.0989349 0.0867233 0.0755519 0.0656598 0.0535946 0.0496354 0.0425514 0.28086
 1978 5 0.133011 0.115521 0.0981814 0.0857755 0.0751882 0.0655027 0.0569263 0.046466 0.0430334 0.280394
 1979 5 0.132108 0.115439 0.10026 0.0852109 0.0744439 0.0652552 0.0568493 0.0494059 0.0403275 0.2807
 1980 5 0.129786 0.114962 0.100457 0.0872478 0.0741517 0.0647821 0.056786 0.0494711 0.0429937 0.279363
 1981 5 0.127363 0.113256 0.10032 0.0876622 0.0761356 0.0647075 0.0565313 0.0495536 0.0431703 0.2813
 1982 5 0.12459 0.111495 0.0991452 0.0878212 0.0767403 0.0666499 0.0566456 0.049488 0.0433797 0.284045
 1983 5 0.125942 0.108899 0.0974531 0.0866587 0.0767609 0.0670755 0.0582559 0.0495116 0.0432554 0.286188
 1984 5 0.122795 0.110477 0.095527 0.0854864 0.0760174 0.067335 0.058839 0.0511023 0.0434318 0.288989
 1985 5 0.124462 0.107512 0.0967266 0.0836375 0.0748465 0.0665561 0.0589544 0.0515158 0.044742 0.291047
 1986 5 0.128171 0.10851 0.0937318 0.084329 0.0729176 0.0652534 0.0580256 0.0513981 0.0449129 0.292751
 1987 5 0.12795 0.111772 0.0946258 0.0817389 0.0735392 0.0635878 0.0569042 0.0506012 0.0448217 0.29446
 1988 5 0.12683 0.111722 0.0975957 0.0826244 0.0713719 0.0642122 0.055523 0.0496871 0.0441835 0.296251
 1989 5 0.127612 0.110645 0.0974647 0.0851413 0.0720805 0.062264 0.0560179 0.0484376 0.0433464 0.29699
 1990 5 0.129873 0.111039 0.0962752 0.0848067 0.0740837 0.0627192 0.0541776 0.0487427 0.0421468 0.296136
 1991 5 0.123834 0.11379 0.0972884 0.0843531 0.0743047 0.0649096 0.0549525 0.0474686 0.0427067 0.296392
 1992 5 0.121904 0.108738 0.0999187 0.0854286 0.0740701 0.0652467 0.0569969 0.0482536 0.041682 0.297761
 1993 5 0.123766 0.106816 0.0952801 0.0875522 0.0748554 0.0649027 0.0571714 0.0499426 0.0422814 0.297432
 1994 5 0.127797 0.107949 0.0931654 0.0831037 0.0763633 0.0652892 0.0566084 0.0498651 0.0435601 0.296299
 1995 5 0.126064 0.111686 0.0943407 0.0814206 0.0726273 0.0667366 0.0570586 0.0494721 0.0435789 0.297015
 1996 5 0.128673 0.109843 0.0973151 0.0822017 0.070944 0.0632822 0.0581495 0.0497167 0.0431064 0.296769
 1997 5 0.127875 0.112219 0.0957968 0.0848709 0.0716901 0.061872 0.05519 0.0507136 0.0433592 0.296414
 1998 5 0.123614 0.112068 0.0983468 0.083955 0.0743797 0.0628282 0.0542238 0.0483677 0.0444447 0.297772
 1999 5 0.124652 0.108205 0.0980982 0.0860876 0.0734898 0.0651081 0.0549965 0.0474647 0.0423386 0.299559
 2000 5 0.12511 0.109057 0.0946678 0.0858251 0.0753172 0.0642955 0.0569624 0.0481159 0.0415263 0.299122
 2001 5 0.12499 0.109473 0.095426 0.0828352 0.0750978 0.0659033 0.0562592 0.0498427 0.0421019 0.298071
 2002 5 0.121027 0.109863 0.0962237 0.0838769 0.07281 0.066009 0.0579272 0.0494503 0.0438104 0.299003
 2003 5 0.125322 0.10586 0.0960946 0.0841648 0.0733652 0.0636853 0.0577366 0.0506676 0.0432531 0.299851
 2004 5 0.124645 0.109701 0.0926646 0.0841168 0.073674 0.0642206 0.0557472 0.05054 0.0443522 0.300338
 2005 5 0.124666 0.109106 0.0960252 0.0811125 0.0736304 0.0644894 0.0562145 0.0487974 0.0442394 0.301719
 2006 5 0.121794 0.109482 0.0958179 0.0843299 0.0712335 0.0646626 0.056635 0.0493679 0.0428542 0.303823
 2007 5 0.124426 0.10664 0.0958597 0.0838957 0.0738371 0.0623702 0.0566169 0.0495881 0.0432252 0.303541
 2008 5 0.124819 0.108895 0.0933293 0.0838945 0.0734239 0.0646208 0.0545852 0.04955 0.0433985 0.303483
 2009 5 0.128989 0.108719 0.0948487 0.0812908 0.073073 0.063953 0.0562854 0.0475443 0.0431586 0.302138
 2010 5 0.124976 0.112869 0.0951318 0.0829949 0.0711315 0.0639407 0.0559604 0.0492511 0.0416024 0.302143
 2011 5 0.123824 0.109501 0.0988929 0.0833522 0.0727181 0.0623236 0.0560232 0.0490311 0.0431526 0.301181
 1952 6 0.113957 0.0995315 0.0995542 0.086953 0.0759467 0.0663336 0.0579373 0.0506038 0.0441985 0.304984
 1953 6 0.120531 0.100222 0.0875348 0.0875549 0.0764724 0.0667928 0.0583383 0.0509541 0.0445044 0.307095
 1954 6 0.12023 0.10604 0.0881721 0.0770105 0.0770282 0.0672782 0.0587623 0.0513244 0.0448279 0.309327
 1955 6 0.121369 0.105638 0.0931699 0.0774708 0.0676639 0.0676794 0.0591127 0.0516304 0.0450952 0.311172
 1956 6 0.121415 0.106633 0.0928115 0.0818576 0.0680647 0.0594485 0.0594621 0.0519355 0.0453617 0.313011
 1957 6 0.122751 0.106511 0.0935434 0.0814188 0.0718095 0.0597097 0.0521511 0.0521631 0.0455604 0.314382
 1958 6 0.123605 0.107578 0.093346 0.0819809 0.0713551 0.0629335 0.0523293 0.045705 0.0457154 0.315452
 1959 6 0.126893 0.107921 0.0939273 0.081501 0.0715781 0.0623006 0.0549477 0.045689 0.0399053 0.315338
 1960 6 0.123666 0.1112 0.0945744 0.0823116 0.0714221 0.0627263 0.0545961 0.0481525 0.0400388 0.311311
 1961 6 0.122212 0.108553 0.0976105 0.0830163 0.0722522 0.0626935 0.0550604 0.0479238 0.0422677 0.308411
 1962 6 0.12422 0.107031 0.0950685 0.0854853 0.072704 0.063277 0.0549057 0.0482208 0.0419707 0.307117
 1963 7 0.125803 0.108593 0.0935659 0.0831086 0.074731 0.0635576 0.0553166 0.0479984 0.0421545 0.305172
 1964 7 0.122341 0.110412 0.0953075 0.0821189 0.072941 0.0655883 0.0557819 0.0485491 0.0421262 0.304834
 1965 7 0.126738 0.106836 0.0964186 0.0832285 0.0717113 0.0636966 0.0572758 0.0487122 0.0423961 0.302987
 1966 7 0.132917 0.109892 0.0926357 0.083603 0.072166 0.0621797 0.0552303 0.0496629 0.0422376 0.299476
 1967 7 0.129513 0.115702 0.0956596 0.0806382 0.0727753 0.0628196 0.0541267 0.0480773 0.0432309 0.297458
 1968 7 0.131457 0.112487 0.100492 0.0830845 0.0700378 0.0632085 0.0545616 0.0470113 0.0417572 0.295903
 1969 7 0.13157 0.114161 0.0976873 0.0872705 0.072153 0.0608229 0.0548921 0.0473829 0.040826 0.293234
 1970 7 0.133054 0.114064 0.0989715 0.0846896 0.0756588 0.0625528 0.0527302 0.0475885 0.0410784 0.289612
 1971 7 0.12562 0.11634 0.0997357 0.0865387 0.0740509 0.0661546 0.0546949 0.0461062 0.0416105 0.289149
 1972 7 0.133373 0.108865 0.100823 0.0864336 0.0749968 0.0641745 0.0573313 0.0474001 0.0399569 0.286645
 1973 7 0.133048 0.115628 0.0943811 0.0874088 0.0749338 0.0650186 0.0556362 0.0497035 0.0410936 0.283148
 1974 7 0.132488 0.115421 0.100309 0.0818768 0.0758283 0.065006 0.0564044 0.0482651 0.0431184 0.281284
 1975 7 0.131298 0.115092 0.100266 0.0871384 0.0711265 0.0658721 0.0564708 0.0489986 0.041928 0.281809
 1976 7 0.130653 0.114144 0.100055 0.0871664 0.0757535 0.0618336 0.0572657 0.0490927 0.0425968 0.281439
 1977 7 0.133244 0.113244 0.0989349 0.0867233 0.0755519 0.0656598 0.0535946 0.0496354 0.0425514 0.28086
 1978 7 0.133011 0.115521 0.0981814 0.0857755 0.0751882 0.0655027 0.0569263 0.046466 0.0430334 0.280394
 1979 7 0.132108 0.115439 0.10026 0.0852109 0.0744439 0.0652552 0.0568493 0.0494059 0.0403275 0.2807
 1980 7 0.129786 0.114962 0.100457 0.0872478 0.0741517 0.0647821 0.056786 0.0494711 0.0429937 0.279363
 1981 7 0.127363 0.113256 0.10032 0.0876622 0.0761356 0.0647075 0.0565313 0.0495536 0.0431703 0.2813
 1982 7 0.12459 0.111495 0.0991452 0.0878212 0.0767403 0.0666499 0.0566456 0.049488 0.0433797 0.284045
 1983 7 0.125942 0.108899 0.0974531 0.0866587 0.0767609 0.0670755 0.0582559 0.0495116 0.0432554 0.286188
 1984 7 0.122795 0.110477 0.095527 0.0854864 0.0760174 0.067335 0.058839 0.0511023 0.0434318 0.288989
 1985 7 0.124462 0.107512 0.0967266 0.0836375 0.0748465 0.0665561 0.0589544 0.0515158 0.044742 0.291047
 1986 7 0.128171 0.10851 0.0937318 0.084329 0.0729176 0.0652534 0.0580256 0.0513981 0.0449129 0.292751
 1987 7 0.12795 0.111772 0.0946258 0.0817389 0.0735392 0.0635878 0.0569042 0.0506012 0.0448217 0.29446
 1988 7 0.12683 0.111722 0.0975957 0.0826244 0.0713719 0.0642122 0.055523 0.0496871 0.0441835 0.296251
 1989 7 0.127612 0.110645 0.0974647 0.0851413 0.0720805 0.062264 0.0560179 0.0484376 0.0433464 0.29699
 1990 7 0.129873 0.111039 0.0962752 0.0848067 0.0740837 0.0627192 0.0541776 0.0487427 0.0421468 0.296136
 1991 7 0.123834 0.11379 0.0972884 0.0843531 0.0743047 0.0649096 0.0549525 0.0474686 0.0427067 0.296392
 1992 7 0.121904 0.108738 0.0999187 0.0854286 0.0740701 0.0652467 0.0569969 0.0482536 0.041682 0.297761
 1993 7 0.123766 0.106816 0.0952801 0.0875522 0.0748554 0.0649027 0.0571714 0.0499426 0.0422814 0.297432
 1994 7 0.127797 0.107949 0.0931654 0.0831037 0.0763633 0.0652892 0.0566084 0.0498651 0.0435601 0.296299
 1995 7 0.126064 0.111686 0.0943407 0.0814206 0.0726273 0.0667366 0.0570586 0.0494721 0.0435789 0.297015
 1996 7 0.128673 0.109843 0.0973151 0.0822017 0.070944 0.0632822 0.0581495 0.0497167 0.0431064 0.296769
 1997 7 0.127875 0.112219 0.0957968 0.0848709 0.0716901 0.061872 0.05519 0.0507136 0.0433592 0.296414
 1998 7 0.123614 0.112068 0.0983468 0.083955 0.0743797 0.0628282 0.0542238 0.0483677 0.0444447 0.297772
 1999 7 0.124652 0.108205 0.0980982 0.0860876 0.0734898 0.0651081 0.0549965 0.0474647 0.0423386 0.299559
 2000 7 0.12511 0.109057 0.0946678 0.0858251 0.0753172 0.0642955 0.0569624 0.0481159 0.0415263 0.299122
 2001 7 0.12499 0.109473 0.095426 0.0828352 0.0750978 0.0659033 0.0562592 0.0498427 0.0421019 0.298071
 2002 7 0.121027 0.109863 0.0962237 0.0838769 0.07281 0.066009 0.0579272 0.0494503 0.0438104 0.299003
 2003 7 0.125322 0.10586 0.0960946 0.0841648 0.0733652 0.0636853 0.0577366 0.0506676 0.0432531 0.299851
 2004 7 0.124645 0.109701 0.0926646 0.0841168 0.073674 0.0642206 0.0557472 0.05054 0.0443522 0.300338
 2005 7 0.124666 0.109106 0.0960252 0.0811125 0.0736304 0.0644894 0.0562145 0.0487974 0.0442394 0.301719
 2006 7 0.121794 0.109482 0.0958179 0.0843299 0.0712335 0.0646626 0.056635 0.0493679 0.0428542 0.303823
 2007 8 0.124426 0.10664 0.0958597 0.0838957 0.0738371 0.0623702 0.0566169 0.0495881 0.0432252 0.303541
