fmsy
 0.143203
msy
 3.68277e+07
bmsy
1.8263e+08
bo
6.56037e+08
va
 0.644036 0.869358 1.33643 1.30996 0.913931 0.733447 0.786628 0.960789 1.16183 1.27125
 0.00100779 0.00273944 0.00752142 0.0204453 0.0561348 0.15259 0.410656 1.07251 2.63794 5.64065
 0.000792752 0.00235786 0.00708341 0.021068 0.062662 0.18452 0.522046 1.36343 2.97427 4.85496
sbt
 7.21014e+08 7.1331e+08 7.06927e+08 7.09895e+08 7.38374e+08 7.76299e+08 7.9246e+08 8.11881e+08 8.79669e+08 9.73967e+08 1.03231e+09 1.0103e+09 9.72574e+08 9.24269e+08 8.65901e+08 7.652e+08 7.01059e+08 6.74172e+08 6.61158e+08 6.56063e+08 6.7208e+08 6.97016e+08 7.09296e+08 6.85211e+08 6.56625e+08 6.53833e+08 6.723e+08 6.81346e+08 6.8377e+08 7.06984e+08 7.74449e+08 8.56104e+08 8.9663e+08 8.9757e+08 8.87124e+08 8.81624e+08 8.78225e+08 8.82011e+08 9.5521e+08 1.05749e+09 1.11537e+09 1.12377e+09 1.10179e+09 1.07973e+09 1.06721e+09 1.01607e+09 1.00586e+09 1.0187e+09 1.05417e+09 1.08877e+09 1.08681e+09 1.07426e+09 1.08981e+09 1.14251e+09 1.21847e+09 1.25094e+09 1.27625e+09 1.27785e+09 1.24387e+09 1.17328e+09 1.07324e+09 1.01543e+09 0
log_rec_devs
 0 0 0 0 0 0 0 0 0 0 0 0 0 0 0 0 0 0 0 0 0 0 0 0 0 0 0 0 0 0 0 0 0 0 0 0 0 0 0 0 0 0 0 0 0 0 0 0 0 0 0 0 0 0 0 0 0 0 0 0 0 0
rt
 0 0 0 0 0 0 0 0 0 0 0 0 0 0 0 0 0 0 0 0 0 0 0 0 0 0 0 0 0 0 0 0 0 0 0 0 0 0 0 0 0 0 0 0 0 0 0 0 0 0 0 0 0 0 0 0 0 0 0 0 0
ct
 719376 401688 377507 399898 326817 520758 321402 409068 420327 301505 262382 307862 283642 195612 266550 233661 399202 385899 230129 334690 231016 215964 300915 235056 397102 629674 575972 528113 489912 241887 491265 591754 976869 1.08603e+06 968964 839316 1.07487e+06 885399 1.33125e+06 1.09805e+06 1.11791e+06 1.00008e+06 1.20624e+06 1.56843e+06 1.27086e+06 1.36306e+06 2.22237e+06 1.60426e+06 2.09972e+06 1.43107e+06 3.88348e+06 1.59692e+06 1.66013e+06 872741 1.16641e+06 1.16808e+06 963708 963869 348532 248739 159044 115611
 0 0 0 0 0 0 0 0 0 0 0 0 0 0 0 0 0 0 0 0 0 0 0 0 0 0 0 0 0 0 0 0 0 0 0 0 0 0 0 0 0 0 0 0 0 0 0 0 0 0 0 0 0 0 0 0 0 0 0 0 0 0
 0 0 0 0 0 0 0 0 0 0 0 0 0 0 0 0 0 0 0 0 0 0 0 0 0 0 0 0 0 0 0 0 0 0 0 0 0 0 0 0 0 0 0 0 0 0 0 0 0 0 0 0 0 0 0 0 0 0 0 0 0 0
ft
 0.00078978 0.000439916 0.000408244 0.000405143 0.000325964 0.000541577 0.000323317 0.00035275 0.000332246 0.00024967 0.000230044 0.000282636 0.000257844 0.000174305 0.000239671 0.000225038 0.000407369 0.000428303 0.000269425 0.000387789 0.000264992 0.000255361 0.000366086 0.000288438 0.000456046 0.000675658 0.000631891 0.000614589 0.000551266 0.000239586 0.00045266 0.000555846 0.000954062 0.00106413 0.000898435 0.000714576 0.000861845 0.00065196 0.000962769 0.000871072 0.000928272 0.000805365 0.000906286 0.00110163 0.000877448 0.000989375 0.0016651 0.00119505 0.00156622 0.0011109 0.00295548 0.00112265 0.00106339 0.00054837 0.000748029 0.000783361 0.000657451 0.000657492 0.000238582 0.000172204 0.000111496 8.16924e-05
 0 0 0 0 0 0 0 0 0 0 0 0 0 0 0 0 0 0 0 0 0 0 0 0 0 0 0 0 0 0 0 0 0 0 0 0 0 0 0 0 0 0 0 0 0 0 0 0 0 0 0 0 0 0 0 0 0 0 0 0 0 0
 0 0 0 0 0 0 0 0 0 0 0 0 0 0 0 0 0 0 0 0 0 0 0 0 0 0 0 0 0 0 0 0 0 0 0 0 0 0 0 0 0 0 0 0 0 0 0 0 0 0 0 0 0 0 0 0 0 0 0 0 0 0
iyr
 1981 1982 1983 1984 1985 1986 1987 1988 1989 1990 1991 1992 1993 1994 1995 1996 1997 1998 1999 2000 2001 2002 2003 2004 2005 2006 2007 2008 2009 2010 2011
 1975 1976 1977 1978 1979 1980 1981 1982 1983 1984 1985 1986 1987 1988 1989 1990 1991 1992 1993 1994 1995 1996 1997 1998 1999 2000 2001 2002 2003 2004 2005 2006 2007 2008 2009
it
 84.3372 224.442 162.895 122.81 300.178 172.213 130.627 143.808 170.505 150.86 210.635 138.248 250.438 194.957 308.418 101.593 165.621 136.784 247.063 164.965 240.538 134.47 159.452 352.169 185.352 192.202 212.199 225.55 266.519 202.096 152.184
 91.5128 120.867 175.144 75.3607 129.632 245.749 116.218 87.7418 111.475 181.948 212.37 141.621 189.873 141.326 105.085 199.549 186.06 222.643 174.595 133.795 219.433 87.6116 204.43 119.979 156.111 118.889 139.612 137.005 331.409 209.108 119.087 155.452 186.352 196.367 159.602
N
 1.46886e+06 2.62345e+06 2.10537e+06 1.6896e+06 1.35593e+06 1.08816e+06 873270 700816 562418 2.28554e+06
 1.39514e+07 1.16656e+06 2.08314e+06 1.67114e+06 1.34115e+06 1.07664e+06 864144 693463 556441 2.26073e+06
 245012 1.10825e+07 926582 1.65428e+06 1.32711e+06 1.06524e+06 855212 686405 550788 2.23728e+06
 1.31427e+06 194634 8.80296e+06 735854 1.31377e+06 1.05412e+06 846180 679327 545199 2.21425e+06
 2.58317e+06 1.04404e+06 154600 6.99098e+06 584394 1.04353e+06 837349 672154 539578 2.19152e+06
 2.04718e+07 2.05214e+06 829351 122791 5.55261e+06 464217 828982 665181 533922 2.16923e+06
 3.29478e+06 1.62611e+07 1.62985e+06 658520 97499.5 4.40988e+06 368717 658423 528273 2.14645e+06
 1.52626e+06 2.61746e+06 1.29173e+07 1.2945e+06 523034 77449.5 3.50323e+06 292905 523015 2.12446e+06
 1.46569e+06 1.21248e+06 2.07918e+06 1.02592e+07 1.02813e+06 415465 61524.9 2.78287e+06 232662 2.10274e+06
 2.51169e+06 1.16438e+06 963150 1.65137e+06 8.14832e+06 816696 330045 48874.4 2.21054e+06 1.85491e+06
 1.1665e+06 1.99545e+06 925006 765057 1.31174e+06 6.47312e+06 648822 262200 38826 3.2294e+06
 1.30736e+06 926756 1.58525e+06 734777 607725 1.04208e+06 5.14263e+06 515456 208296 2.59615e+06
 589137 1.03863e+06 736213 1.25915e+06 583633 482770 827855 4.08539e+06 409466 2.2276e+06
 7.50342e+06 468046 825101 584788 1.00018e+06 463641 383533 657674 3.24541e+06 2.09472e+06
 3.4929e+06 5.9615e+06 371850 655467 464562 794607 368359 304711 522496 4.24234e+06
 1.37827e+06 2.775e+06 4.73598e+06 295375 520666 369057 631278 292640 242065 3.78496e+06
 3.91343e+06 1.09501e+06 2.20457e+06 3.76204e+06 234633 413632 293202 501520 232479 3.19894e+06
 7.06129e+06 3.10877e+06 869776 1.75078e+06 2.9877e+06 186369 328571 232901 398348 2.72517e+06
 3.19474e+06 5.6093e+06 2.46928e+06 690722 1.39038e+06 2.37307e+06 148041 260992 184986 2.48059e+06
 1.54149e+06 2.53807e+06 4.45607e+06 1.96137e+06 548649 1.10451e+06 1.88525e+06 117607 207329 2.11733e+06
 393469 1.22455e+06 2.01606e+06 3.53893e+06 1.5577e+06 435798 877387 1.49755e+06 93414.9 1.84625e+06
 1.58015e+06 312595 972794 1.60138e+06 2.81103e+06 1.23744e+06 346215 697020 1.18964e+06 1.54073e+06
 7.2161e+06 1.25537e+06 248330 772711 1.27202e+06 2.2331e+06 983073 275045 553711 2.16885e+06
 6.25273e+06 5.73251e+06 997188 197225 613696 1.0104e+06 1.77393e+06 780918 218472 2.16234e+06
 1.67149e+06 4.96745e+06 4.55387e+06 792053 156654 487510 802684 1.40923e+06 620340 1.89109e+06
 1.28969e+06 1.32776e+06 3.94554e+06 3.61627e+06 628984 124425 387243 637578 1.11928e+06 1.99443e+06
 6.1857e+06 1.02433e+06 1.05441e+06 3.13227e+06 2.87092e+06 499477 98817.8 307537 506286 2.47207e+06
 1.31193e+07 4.91311e+06 813480 837121 2.48682e+06 2.27989e+06 396697 78480.9 244218 2.36471e+06
 3.43221e+06 1.04204e+07 3.90184e+06 645855 664635 1.9749e+06 1.81077e+06 315060 62323.6 2.07143e+06
 3.00476e+06 2.72624e+06 8.27598e+06 3.09809e+06 512821 527848 1.5686e+06 1.4382e+06 250212 1.69428e+06
 2.0479e+06 2.38719e+06 2.1658e+06 6.57393e+06 2.46095e+06 407395 419351 1.24617e+06 1.14252e+06 1.54461e+06
 2.47349e+06 1.62677e+06 1.8961e+06 1.71989e+06 5.2205e+06 1.95464e+06 323605 333094 989765 2.13399e+06
 5.28611e+06 1.96471e+06 1.292e+06 1.50551e+06 1.36562e+06 4.14607e+06 1.55251e+06 257022 264533 2.48041e+06
 3.34812e+06 4.19772e+06 1.55985e+06 1.0253e+06 1.19477e+06 1.08416e+06 3.29213e+06 1.23269e+06 204041 2.17849e+06
 3.86484e+06 2.65857e+06 3.3324e+06 1.23768e+06 813563 948434 860797 2.61371e+06 978485 1.8906e+06
 2.45582e+07 3.0692e+06 2.11083e+06 2.64472e+06 982299 645921 753122 683500 2.07505e+06 2.27723e+06
 605808 1.95048e+07 2.43725e+06 1.67565e+06 2.09951e+06 780018 512975 598089 542731 3.45528e+06
 2.75856e+06 481104 1.54868e+07 1.93439e+06 1.32996e+06 1.66694e+06 619405 407330 474844 3.17335e+06
 1.91478e+06 2.19101e+06 382065 1.2295e+07 1.53574e+06 1.05614e+06 1.32391e+06 491922 323459 2.89645e+06
 2.942e+06 1.52053e+06 1.73951e+06 303196 9.75718e+06 1.21922e+06 838613 1.05117e+06 390517 2.55542e+06
 5.43277e+06 2.33638e+06 1.20729e+06 1.38059e+06 240642 7.74681e+06 968162 665899 834554 2.33826e+06
 4.90722e+06 4.31426e+06 1.85497e+06 958112 1.09567e+06 191051 6.15137e+06 768733 528647 2.51819e+06
 5.72521e+06 3.89722e+06 3.42568e+06 1.47236e+06 760507 869974 151718 4.88474e+06 610357 2.41855e+06
 7.92917e+06 4.54655e+06 3.09426e+06 2.71873e+06 1.16854e+06 603793 690816 120468 3.878e+06 2.40403e+06
 2.20878e+06 6.29599e+06 3.6092e+06 2.45506e+06 2.15716e+06 927580 479382 548442 95621.7 4.98504e+06
 1.45076e+07 1.75409e+06 4.99894e+06 2.86448e+06 1.94853e+06 1.71269e+06 736574 380651 435421 4.03256e+06
 620543 1.15203e+07 1.39259e+06 3.96687e+06 2.27315e+06 1.54689e+06 1.35991e+06 584821 302175 3.5458e+06
 1.5391e+06 492550 9.14071e+06 1.10408e+06 3.14518e+06 1.80348e+06 1.22765e+06 1.07916e+06 463952 3.05115e+06
 5.12654e+06 1.22202e+06 390970 7.25155e+06 875922 2.49641e+06 1.43178e+06 974564 856507 2.78889e+06
 8.39868e+06 4.0694e+06 969686 310013 5.75022e+06 695006 1.98135e+06 1.13628e+06 773217 2.89096e+06
 1.59273e+07 6.66876e+06 3.2304e+06 769362 245976 4.56445e+06 551797 1.57299e+06 901917 2.90749e+06
 2.27581e+06 1.26316e+07 5.28535e+06 2.55673e+06 608968 194923 3.61902e+06 437436 1.24634e+06 3.01581e+06
 1.04244e+07 1.80704e+06 1.00272e+07 4.1934e+06 2.02858e+06 483385 154757 2.87311e+06 347208 3.38197e+06
 2.15543e+06 8.27749e+06 1.43453e+06 7.95622e+06 3.32741e+06 1.61033e+06 383795 122866 2.28062e+06 2.95921e+06
 5.6246e+06 1.71209e+06 6.5741e+06 1.13903e+06 6.31742e+06 2.64261e+06 1.27904e+06 304829 97577.1 4.16074e+06
 595467 4.46711e+06 1.35953e+06 5.21851e+06 904182 5.01635e+06 2.09865e+06 1.01572e+06 242041 3.38042e+06
 2.15957e+06 472915 3.54712e+06 1.07914e+06 4.14234e+06 717943 3.98366e+06 1.66654e+06 806474 2.87553e+06
 1.27529e+06 1.71525e+06 375561 2.81604e+06 856739 3.2895e+06 570197 3.16375e+06 1.32339e+06 2.9233e+06
 9.52836e+06 1.01291e+06 1.36215e+06 298156 2.23568e+06 680350 2.61255e+06 452840 2.51231e+06 3.37164e+06
 5.05996e+06 7.57e+06 804683 1.08201e+06 236838 1.77607e+06 540507 2.07552e+06 359741 4.67398e+06
 5.94222e+06 4.02017e+06 6.01417e+06 639248 859562 188160 1.41107e+06 429425 1.64892e+06 3.99889e+06
 2.38522e+06 4.72131e+06 3.19408e+06 4.7781e+06 507868 682932 149499 1.12113e+06 341181 4.48709e+06
 1.31034e+06 1.89518e+06 3.75125e+06 2.53772e+06 3.79624e+06 403518 542620 118783 890771 3.83611e+06
A
 1950 1 0.0530666 0.165236 0.175314 0.165535 0.0928691 0.0531522 0.0436241 0.040197 0.0472833 0.163723
 1951 1 0.419387 0.042635 0.120403 0.0922722 0.0516723 0.0364744 0.0338136 0.0327463 0.0280036 0.142593
 1952 1 0.00718761 0.475559 0.0656753 0.103407 0.0661357 0.0397469 0.0331966 0.039096 0.0298907 0.140106
 1953 1 0.0416182 0.00760537 0.566198 0.0433515 0.0547599 0.0380336 0.0358935 0.0279793 0.0283537 0.156207
 1954 1 0.088408 0.048697 0.0119182 0.503212 0.0292483 0.0404049 0.0356372 0.0385312 0.0418979 0.162045
 1955 1 0.519633 0.0722718 0.0428809 0.00541424 0.189676 0.0129255 0.0210153 0.0248156 0.022772 0.0885961
 1956 1 0.0837648 0.524013 0.0796839 0.0308634 0.00321894 0.114448 0.011566 0.0252873 0.0243751 0.10278
 1957 1 0.0360997 0.0964176 0.554767 0.0683772 0.0191283 0.00237034 0.0931964 0.00998181 0.0204064 0.0992557
 1958 1 0.0356234 0.0476435 0.105201 0.535336 0.0391049 0.0110172 0.00207078 0.113629 0.0147342 0.0956403
 1959 1 0.0766191 0.0691507 0.053471 0.116834 0.359533 0.0311317 0.0125635 0.00227288 0.134757 0.143667
 1960 1 0.0471088 0.106165 0.078602 0.0580748 0.0773402 0.31131 0.0334093 0.0162718 0.00287826 0.26884
 1961 1 0.0615763 0.0547818 0.157015 0.0639892 0.0407474 0.0515252 0.288814 0.0333482 0.0169899 0.231213
 1962 1 0.0354335 0.0672922 0.0757905 0.143688 0.0441367 0.0293725 0.0523117 0.270323 0.0289898 0.252662
 1963 1 0.310938 0.0246525 0.0644751 0.0496423 0.0532393 0.0218158 0.0198116 0.03849 0.245235 0.171699
 1964 1 0.152966 0.290729 0.0344454 0.0470736 0.023699 0.036587 0.0196029 0.0166801 0.0401078 0.338109
 1965 1 0.0556306 0.135584 0.39576 0.0219442 0.0282697 0.0183193 0.0322431 0.0155318 0.0162677 0.280449
 1966 1 0.162051 0.0473829 0.210363 0.275331 0.0133653 0.0216149 0.0121686 0.0253377 0.0134178 0.218967
 1967 1 0.232141 0.162152 0.0644119 0.145754 0.150035 0.00715645 0.0163234 0.0130784 0.0253903 0.183558
 1968 1 0.126376 0.263762 0.1738 0.0514737 0.061725 0.105095 0.00728557 0.0162097 0.0130614 0.181212
 1969 1 0.0533483 0.124647 0.321728 0.142975 0.0323688 0.0509775 0.0881868 0.00717333 0.0146962 0.163899
 1970 1 0.0176731 0.0739281 0.165609 0.314495 0.0996411 0.0213873 0.0439253 0.092585 0.00830075 0.162455
 1971 1 0.0877193 0.0229968 0.118959 0.157689 0.184361 0.0759428 0.021087 0.0471836 0.137745 0.146317
 1972 1 0.321711 0.0627604 0.0225242 0.074535 0.0809464 0.115914 0.0534383 0.0194524 0.0430829 0.205636
 1973 1 0.20742 0.303499 0.0951556 0.0165783 0.0352437 0.0439867 0.0787583 0.0457788 0.0137388 0.159841
 1974 1 0.0571596 0.241607 0.340353 0.0650833 0.00723886 0.0194865 0.0343004 0.0788462 0.0351332 0.120792
 1975 1 0.041025 0.0574903 0.308864 0.2823 0.0317003 0.00532291 0.0178754 0.0437192 0.0761727 0.13553
 1976 1 0.215551 0.0488395 0.071749 0.2414 0.143072 0.0207566 0.00426973 0.0162666 0.0341986 0.203898
 1977 1 0.35287 0.201698 0.0523661 0.050074 0.122621 0.0747898 0.0123332 0.00401691 0.012775 0.116456
 1978 1 0.0841243 0.360554 0.231375 0.0345529 0.0290997 0.0653776 0.0703772 0.0137246 0.00334139 0.107473
 1979 1 0.0742957 0.0920954 0.44665 0.175372 0.0163281 0.0139784 0.0491022 0.0542697 0.0106424 0.0672657
 1980 1 0.0526037 0.0896331 0.111879 0.425562 0.101979 0.0138181 0.0140096 0.0497242 0.0603216 0.0804701
 1981 1 0.0850635 0.0764474 0.123153 0.124515 0.242655 0.0754877 0.0129112 0.0177838 0.0631557 0.178828
 1982 1 0.193542 0.0992093 0.0984127 0.112997 0.0682275 0.154099 0.0646489 0.014103 0.0161809 0.17858
 1983 1 0.120963 0.230009 0.121992 0.0726887 0.0627432 0.0412395 0.132888 0.0683704 0.0115985 0.137508
 1984 1 0.118475 0.116376 0.251962 0.0831317 0.0376336 0.0351024 0.0359484 0.133557 0.049844 0.13797
 1985 1 0.472504 0.0797573 0.0964129 0.0952764 0.0318281 0.0154951 0.0171024 0.0224638 0.0696418 0.0995178
 1986 1 0.0116741 0.593208 0.106791 0.0668261 0.0548803 0.0159705 0.0107233 0.016587 0.0171518 0.106188
 1987 1 0.0496502 0.0113594 0.63577 0.069915 0.033531 0.0322565 0.0117872 0.0118261 0.013898 0.130006
 1988 1 0.0377774 0.0496791 0.0145533 0.666201 0.0487133 0.021264 0.030425 0.0110537 0.0122172 0.108116
 1989 1 0.087382 0.0633852 0.134333 0.0157682 0.390991 0.0489579 0.0322585 0.0435311 0.0220974 0.161296
 1990 1 0.177432 0.104671 0.0783055 0.0849182 0.0102853 0.247306 0.0453895 0.0368253 0.0458529 0.169015
 1991 1 0.163012 0.196247 0.116461 0.0524386 0.0509976 0.00670505 0.20762 0.036004 0.0332574 0.137257
 1992 1 0.167777 0.141844 0.234377 0.0774053 0.0307922 0.0290113 0.00436952 0.165772 0.0314937 0.117158
 1993 1 0.208801 0.139652 0.152083 0.139149 0.0390026 0.0208811 0.0231651 0.00475186 0.152786 0.119729
 1994 1 0.0519069 0.201949 0.209514 0.125212 0.0910164 0.0239967 0.0140522 0.0211255 0.00536769 0.25586
 1995 1 0.279697 0.0508549 0.234025 0.125407 0.0489241 0.0404935 0.0207779 0.0133113 0.0173637 0.169146
 1996 1 0.0137933 0.311887 0.0695003 0.221362 0.0836939 0.0364453 0.0406709 0.0213854 0.0117403 0.189521
 1997 1 0.0352125 0.0173036 0.482647 0.0490697 0.119178 0.0490607 0.0410941 0.0394734 0.0216789 0.145282
 1998 1 0.141899 0.0467163 0.0234175 0.391975 0.0391294 0.088456 0.048228 0.0396684 0.0440526 0.136458
 1999 1 0.246046 0.153926 0.0612051 0.0164518 0.197184 0.0236956 0.0724683 0.0452504 0.0395258 0.144247
 2000 1 0.343291 0.193378 0.13502 0.0345789 0.00731917 0.0909591 0.0156396 0.0429351 0.0329688 0.10391
 2001 1 0.0410866 0.343892 0.229485 0.0970913 0.0180716 0.00414061 0.0929141 0.0115004 0.0481995 0.113619
 2002 1 0.197351 0.0378938 0.331352 0.168059 0.0499859 0.00967693 0.00396343 0.0790639 0.0122863 0.110368
 2003 1 0.0441832 0.206547 0.063162 0.323203 0.104741 0.0320067 0.0104315 0.00376236 0.0786355 0.133328
 2004 1 0.125864 0.0447425 0.312966 0.0462751 0.180774 0.0722637 0.0401716 0.00922791 0.00395308 0.163763
 2005 1 0.0140061 0.150307 0.0759387 0.280107 0.0313309 0.13411 0.0673927 0.0462742 0.00986126 0.190672
 2006 1 0.0663928 0.0182785 0.229003 0.0682106 0.172883 0.0284673 0.14987 0.0652856 0.0503349 0.151275
 2007 1 0.0483445 0.068861 0.0269047 0.188002 0.0452843 0.153078 0.0220163 0.163023 0.078413 0.206073
 2008 1 0.263553 0.0460836 0.0867068 0.0180504 0.0972099 0.0264129 0.0943906 0.0215991 0.128023 0.217971
 2009 1 0.160421 0.316689 0.0423008 0.0653144 0.00787429 0.0566091 0.0151045 0.079861 0.016112 0.239714
 2010 1 0.18147 0.153442 0.2635 0.0354903 0.0266347 0.00625729 0.0384372 0.0167283 0.0809388 0.197102
 2011 1 0.0656284 0.16274 0.173518 0.266917 0.0216798 0.0173212 0.00478877 0.0458525 0.0186869 0.222867
 1970 2 3.00131e-05 0.000327945 0.00127504 0.00730278 0.00884235 0.00597564 0.0308743 0.129385 0.0240628 0.791925
 1971 2 0.000118328 5.73122e-05 0.000503795 0.00219707 0.0105903 0.0138847 0.0112589 0.0584927 0.216414 0.686483
 1972 2 0.000453223 0.000232251 0.000135539 0.00103146 0.00532717 0.023718 0.0272566 0.0239269 0.0933504 0.824569
 1973 2 0.000392898 0.000895097 0.000457765 0.000229975 0.00199239 0.00961797 0.0498145 0.04553 0.0327144 0.858355
 1974 2 0.000105825 0.000863107 0.00233563 0.0010519 0.000569295 0.00464255 0.0210832 0.106605 0.129289 0.733454
 1975 2 0.000100965 0.000290422 0.00226285 0.00490499 0.00260109 0.00142061 0.0101011 0.0523325 0.213627 0.712358
 1976 2 0.000407108 0.000172072 0.000479923 0.00379012 0.00963074 0.00446146 0.00267703 0.0218109 0.0877404 0.86883
 1977 2 0.000895297 0.0010515 0.000362514 0.00127238 0.0102995 0.026766 0.0101581 0.00550459 0.0398884 0.903802
 1978 2 0.000267126 0.00264033 0.00227358 0.00107633 0.00317735 0.022296 0.065109 0.0293861 0.0183377 0.855437
 1979 2 0.000195152 0.00069417 0.00351831 0.00465469 0.00189099 0.00569565 0.0424124 0.101583 0.0471213 0.792234
 1980 2 0.000146605 0.000453365 0.00117327 0.00882245 0.0100956 0.00461757 0.0127699 0.0977919 0.217839 0.646291
 1981 2 0.000164898 0.00027408 0.000955979 0.00211436 0.0194463 0.0181874 0.00858182 0.0217587 0.165792 0.762725
 1982 2 0.000349388 0.000281677 0.000525585 0.00188269 0.00445436 0.0368551 0.0359653 0.013331 0.0298587 0.876496
 1983 2 0.000214137 0.000687108 0.000676412 0.00133947 0.00385236 0.0104675 0.0875578 0.0794185 0.0345202 0.781267
 1984 2 0.000255155 0.000393568 0.00167334 0.00133624 0.00245563 0.00875249 0.0230379 0.153852 0.164269 0.643975
 1985 2 0.0013585 0.000413845 0.000869333 0.00268546 0.00286895 0.00584211 0.0175874 0.0354643 0.277278 0.655632
 1986 2 3.30705e-05 0.00224048 0.00110252 0.00161228 0.00618805 0.00714405 0.0093631 0.0284145 0.0599108 0.883991
 1987 2 0.00013076 7.28605e-05 0.00594712 0.0023158 0.00377975 0.0122706 0.0148021 0.0235262 0.0633166 0.873838
 1988 2 0.000108995 0.000298525 0.000139146 0.0131477 0.00385059 0.0089483 0.0312773 0.0313597 0.0476781 0.863192
 1989 2 0.000147389 0.000217671 0.000653783 0.000319063 0.0327065 0.0108299 0.0189442 0.0662044 0.0581352 0.811842
 1990 2 0.000309011 0.00035967 0.000451591 0.00154933 0.000765074 0.0640078 0.0204765 0.037187 0.136239 0.738656
 1991 2 0.000291057 0.000682838 0.000871518 0.00100525 0.00301342 0.00166551 0.133543 0.0396593 0.0948799 0.724388
 1992 2 0.000260643 0.000400629 0.00114098 0.00144628 0.00193968 0.00613074 0.0028095 0.251641 0.0703562 0.663875
 1993 2 0.000297869 0.000548884 0.0012023 0.00258063 0.00298267 0.00395749 0.0115869 0.00570439 0.40064 0.570499
 1994 2 7.93519e-05 0.000647807 0.0010191 0.00211357 0.00411024 0.00517862 0.0071795 0.0229951 0.00825434 0.948422
 1995 2 0.000531814 0.000176245 0.00162177 0.00256998 0.00444196 0.0112258 0.0130717 0.0214565 0.0495451 0.895359
 1996 2 2.35601e-05 0.00120503 0.000371211 0.00332127 0.00484406 0.00931162 0.0213569 0.0240389 0.0322602 0.903267
 1997 2 7.80856e-05 7.68023e-05 0.00399113 0.00124228 0.0114814 0.0148364 0.0240173 0.074317 0.0664135 0.803546
 1998 2 0.000231709 0.000156998 0.000153714 0.00713326 0.00277552 0.0202606 0.0342323 0.0558386 0.122837 0.75638
 1999 2 0.000477576 0.00063657 0.000432741 0.00040242 0.0165251 0.00562725 0.0475829 0.0703328 0.109718 0.748264
 2000 2 0.000715072 0.000881081 0.00104815 0.000867559 0.000699069 0.035973 0.0107475 0.0782291 0.12069 0.75015
 2001 2 8.66568e-05 0.00132345 0.0013668 0.0020438 0.00123008 0.00110814 0.0533347 0.0184451 0.127748 0.793313
 2002 2 0.00044974 0.000216518 0.00323684 0.00369898 0.00468757 0.00281466 0.00253336 0.132517 0.0363109 0.813534
 2003 2 0.000103842 0.00121799 0.000538163 0.00750337 0.00914668 0.0108599 0.00689223 0.00648308 0.250868 0.706387
 2004 2 0.000186495 0.000163244 0.00193382 0.00082542 0.0124073 0.0140653 0.0192753 0.0120191 0.00780136 0.931323
 2005 2 2.33872e-05 0.000477184 0.000455899 0.00382764 0.00234742 0.0326597 0.0324558 0.0486114 0.0240602 0.855081
 2006 2 0.000117029 8.14524e-05 0.00157209 0.00120722 0.0119524 0.005496 0.0781291 0.0927225 0.104002 0.70472
 2007 2 4.82797e-05 0.00017154 0.000116636 0.00213529 0.00178334 0.0178009 0.00761426 0.137825 0.118214 0.714291
 2008 2 0.000356623 8.77443e-05 0.000354104 0.000305758 0.00528105 0.00345499 0.0380006 0.013772 0.261244 0.677143
 2009 2 0.000158876 0.00067183 0.000236325 0.000593464 0.000393846 0.0100241 0.0073331 0.0648256 0.0312293 0.884533
 2010 2 0.000195063 0.000364574 0.00141055 0.000394286 0.00144958 0.000802731 0.0221844 0.0170298 0.132154 0.824015
 2011 2 0.000102647 0.000560316 0.000934597 0.00337987 0.00120213 0.00412836 0.00218092 0.0485317 0.0403535 0.898626
 1970 3 2.51535e-05 0.000300728 0.00127934 0.00801743 0.0105162 0.00769871 0.0418162 0.175239 0.0289054 0.726202
 1971 3 9.74625e-05 5.16518e-05 0.000496797 0.00237058 0.0123783 0.0175806 0.0149869 0.07786 0.255495 0.618683
 1972 3 0.000389039 0.000218135 0.000139289 0.00115983 0.00648904 0.0312972 0.0378106 0.0331916 0.114853 0.774452
 1973 3 0.000338705 0.000844304 0.000472453 0.000259706 0.00243737 0.012746 0.0694 0.063431 0.0404229 0.809648
 1974 3 8.76497e-05 0.000782191 0.002316 0.00114128 0.000669117 0.00591106 0.0282201 0.142693 0.153487 0.664693
 1975 3 8.39999e-05 0.000264377 0.00225391 0.0053457 0.00307089 0.00181689 0.0135812 0.0703623 0.254747 0.648473
 1976 3 0.000356285 0.000164772 0.000502844 0.00434511 0.0119605 0.00600221 0.0037862 0.0308478 0.110061 0.831973
 1977 3 0.00079138 0.00101698 0.000383633 0.00147332 0.0129193 0.0363704 0.0145109 0.0078633 0.0505372 0.874134
 1978 3 0.00023007 0.00248822 0.00234438 0.00121436 0.0038834 0.0295201 0.0906247 0.0409022 0.0226378 0.806155
 1979 3 0.000164022 0.000638382 0.00354026 0.00512482 0.00225539 0.007359 0.057608 0.137978 0.0567665 0.728565
 1980 3 0.000118892 0.000402289 0.00113913 0.00937244 0.0116182 0.00575657 0.016736 0.128164 0.253212 0.57348
 1981 3 0.000139608 0.000253897 0.00096898 0.00234494 0.0233633 0.0236706 0.0117418 0.0297706 0.201188 0.706558
 1982 3 0.000304283 0.000268415 0.000548006 0.00214787 0.00550501 0.0493417 0.0506192 0.0187627 0.0372723 0.835231
 1983 3 0.000178558 0.000626903 0.000675263 0.00146313 0.00455846 0.0134177 0.11799 0.107022 0.0412579 0.712811
 1984 3 0.000204563 0.000345246 0.00160613 0.00140336 0.00279376 0.010787 0.0298488 0.199336 0.188766 0.564908
 1985 3 0.00111356 0.000371174 0.000853123 0.00288358 0.00333717 0.00736155 0.0232979 0.0469793 0.325773 0.58803
 1986 3 2.90132e-05 0.00215072 0.00115802 0.00185291 0.00770392 0.00963486 0.013275 0.0402862 0.0753366 0.848573
 1987 3 0.000114359 6.97227e-05 0.00622695 0.00265312 0.00469096 0.016497 0.0209209 0.0332512 0.0793704 0.836205
 1988 3 9.46886e-05 0.000283764 0.000144722 0.0149623 0.00474702 0.0119503 0.0439118 0.0440274 0.0593683 0.82051
 1989 3 0.000125558 0.000202892 0.000666783 0.000356052 0.0395379 0.0141823 0.0260804 0.0911435 0.0709844 0.75672
 1990 3 0.000257631 0.000328105 0.000450756 0.0016921 0.000905169 0.0820356 0.0275892 0.0501043 0.162805 0.673832
 1991 3 0.000238817 0.000613044 0.000856125 0.00108049 0.00350873 0.00210078 0.17708 0.0525888 0.111585 0.650347
 1992 3 0.000207752 0.000349404 0.0010888 0.00151012 0.00219398 0.00751207 0.00361902 0.324147 0.08038 0.578992
 1993 3 0.000239743 0.000483379 0.00115852 0.00272086 0.00340665 0.00489651 0.0150712 0.00741977 0.46219 0.502414
 1994 3 7.10462e-05 0.000634623 0.00109238 0.0024789 0.00522221 0.00712761 0.0103882 0.0332721 0.0105928 0.92912
 1995 3 0.00046811 0.000169743 0.00170904 0.00296332 0.00554838 0.0151898 0.0185944 0.0305217 0.062508 0.862328
 1996 3 2.07531e-05 0.00116142 0.00039147 0.00383238 0.00605504 0.0126089 0.0304022 0.03422 0.0407303 0.870578
 1997 3 6.62307e-05 7.12769e-05 0.00405282 0.00138028 0.0138193 0.0193447 0.0329211 0.101868 0.0807403 0.745736
 1998 3 0.000194019 0.000143841 0.000154095 0.00782439 0.003298 0.0260797 0.0463234 0.0755612 0.147428 0.692994
 1999 3 0.00039769 0.00058001 0.000431423 0.000438977 0.0195276 0.00720353 0.0640346 0.0946502 0.130957 0.681779
 2000 3 0.000596919 0.000804763 0.00104752 0.00094869 0.000828112 0.0461624 0.0144988 0.105535 0.144405 0.685173
 2001 3 7.3661e-05 0.00123092 0.00139096 0.00227579 0.00148378 0.00144803 0.0732667 0.0253383 0.155645 0.737847
 2002 3 0.000380867 0.000200628 0.00328176 0.00410349 0.00563329 0.00366425 0.00346712 0.181362 0.0440752 0.753831
 2003 3 8.6847e-05 0.00111459 0.000538852 0.00822051 0.0108555 0.0139623 0.00931545 0.00876244 0.300728 0.646416
 2004 3 0.000165954 0.000158944 0.0020602 0.000962176 0.0156675 0.0192405 0.0277193 0.0172844 0.00995031 0.906791
 2005 3 2.01484e-05 0.000449816 0.000470222 0.00431969 0.00286983 0.0432535 0.0451872 0.0676802 0.0297103 0.806039
 2006 3 9.55069e-05 7.27331e-05 0.001536 0.00129059 0.0138421 0.00689501 0.103042 0.122289 0.121655 0.629282
 2007 3 3.96025e-05 0.000153961 0.000114541 0.00229443 0.00207585 0.0224464 0.0100936 0.182703 0.138987 0.641091
 2008 3 0.000293974 7.91415e-05 0.000349464 0.000330169 0.00617763 0.00437816 0.0506233 0.0183467 0.308668 0.610754
 2009 3 0.000138499 0.000640815 0.000246644 0.000677705 0.000487209 0.0134332 0.0103308 0.091326 0.0390207 0.843698
dlog_sel
 -0.44 -0.14 0.29 0.27 -0.09 -0.31 -0.24 -0.04 0.15 0.24
 -0.44 -0.14 0.29 0.27 -0.09 -0.31 -0.24 -0.04 0.15 0.24
 -0.44 -0.14 0.29 0.27 -0.09 -0.31 -0.24 -0.04 0.15 0.24
 -0.44 -0.14 0.29 0.27 -0.09 -0.31 -0.24 -0.04 0.15 0.24
 -0.44 -0.14 0.29 0.27 -0.09 -0.31 -0.24 -0.04 0.15 0.24
 -0.44 -0.14 0.29 0.27 -0.09 -0.31 -0.24 -0.04 0.15 0.24
 -0.44 -0.14 0.29 0.27 -0.09 -0.31 -0.24 -0.04 0.15 0.24
 -0.44 -0.14 0.29 0.27 -0.09 -0.31 -0.24 -0.04 0.15 0.24
 -0.44 -0.14 0.29 0.27 -0.09 -0.31 -0.24 -0.04 0.15 0.24
 -0.44 -0.14 0.29 0.27 -0.09 -0.31 -0.24 -0.04 0.15 0.24
 -0.44 -0.14 0.29 0.27 -0.09 -0.31 -0.24 -0.04 0.15 0.24
 -0.44 -0.14 0.29 0.27 -0.09 -0.31 -0.24 -0.04 0.15 0.24
 -0.44 -0.14 0.29 0.27 -0.09 -0.31 -0.24 -0.04 0.15 0.24
 -0.44 -0.14 0.29 0.27 -0.09 -0.31 -0.24 -0.04 0.15 0.24
 -0.44 -0.14 0.29 0.27 -0.09 -0.31 -0.24 -0.04 0.15 0.24
 -0.44 -0.14 0.29 0.27 -0.09 -0.31 -0.24 -0.04 0.15 0.24
 -0.44 -0.14 0.29 0.27 -0.09 -0.31 -0.24 -0.04 0.15 0.24
 -0.44 -0.14 0.29 0.27 -0.09 -0.31 -0.24 -0.04 0.15 0.24
 -0.44 -0.14 0.29 0.27 -0.09 -0.31 -0.24 -0.04 0.15 0.24
 -0.44 -0.14 0.29 0.27 -0.09 -0.31 -0.24 -0.04 0.15 0.24
 -0.44 -0.14 0.29 0.27 -0.09 -0.31 -0.24 -0.04 0.15 0.24
 -0.44 -0.14 0.29 0.27 -0.09 -0.31 -0.24 -0.04 0.15 0.24
 -0.44 -0.14 0.29 0.27 -0.09 -0.31 -0.24 -0.04 0.15 0.24
 -0.44 -0.14 0.29 0.27 -0.09 -0.31 -0.24 -0.04 0.15 0.24
 -0.44 -0.14 0.29 0.27 -0.09 -0.31 -0.24 -0.04 0.15 0.24
 -0.44 -0.14 0.29 0.27 -0.09 -0.31 -0.24 -0.04 0.15 0.24
 -0.44 -0.14 0.29 0.27 -0.09 -0.31 -0.24 -0.04 0.15 0.24
 -0.44 -0.14 0.29 0.27 -0.09 -0.31 -0.24 -0.04 0.15 0.24
 -0.44 -0.14 0.29 0.27 -0.09 -0.31 -0.24 -0.04 0.15 0.24
 -0.44 -0.14 0.29 0.27 -0.09 -0.31 -0.24 -0.04 0.15 0.24
 -0.44 -0.14 0.29 0.27 -0.09 -0.31 -0.24 -0.04 0.15 0.24
 -0.44 -0.14 0.29 0.27 -0.09 -0.31 -0.24 -0.04 0.15 0.24
 -0.44 -0.14 0.29 0.27 -0.09 -0.31 -0.24 -0.04 0.15 0.24
 -0.44 -0.14 0.29 0.27 -0.09 -0.31 -0.24 -0.04 0.15 0.24
 -0.44 -0.14 0.29 0.27 -0.09 -0.31 -0.24 -0.04 0.15 0.24
 -0.44 -0.14 0.29 0.27 -0.09 -0.31 -0.24 -0.04 0.15 0.24
 -0.44 -0.14 0.29 0.27 -0.09 -0.31 -0.24 -0.04 0.15 0.24
 -0.44 -0.14 0.29 0.27 -0.09 -0.31 -0.24 -0.04 0.15 0.24
 -0.44 -0.14 0.29 0.27 -0.09 -0.31 -0.24 -0.04 0.15 0.24
 -0.44 -0.14 0.29 0.27 -0.09 -0.31 -0.24 -0.04 0.15 0.24
 -0.44 -0.14 0.29 0.27 -0.09 -0.31 -0.24 -0.04 0.15 0.24
 -0.44 -0.14 0.29 0.27 -0.09 -0.31 -0.24 -0.04 0.15 0.24
 -0.44 -0.14 0.29 0.27 -0.09 -0.31 -0.24 -0.04 0.15 0.24
 -0.44 -0.14 0.29 0.27 -0.09 -0.31 -0.24 -0.04 0.15 0.24
 -0.44 -0.14 0.29 0.27 -0.09 -0.31 -0.24 -0.04 0.15 0.24
 -0.44 -0.14 0.29 0.27 -0.09 -0.31 -0.24 -0.04 0.15 0.24
 -0.44 -0.14 0.29 0.27 -0.09 -0.31 -0.24 -0.04 0.15 0.24
 -0.44 -0.14 0.29 0.27 -0.09 -0.31 -0.24 -0.04 0.15 0.24
 -0.44 -0.14 0.29 0.27 -0.09 -0.31 -0.24 -0.04 0.15 0.24
 -0.44 -0.14 0.29 0.27 -0.09 -0.31 -0.24 -0.04 0.15 0.24
 -0.44 -0.14 0.29 0.27 -0.09 -0.31 -0.24 -0.04 0.15 0.24
 -0.44 -0.14 0.29 0.27 -0.09 -0.31 -0.24 -0.04 0.15 0.24
 -0.44 -0.14 0.29 0.27 -0.09 -0.31 -0.24 -0.04 0.15 0.24
 -0.44 -0.14 0.29 0.27 -0.09 -0.31 -0.24 -0.04 0.15 0.24
 -0.44 -0.14 0.29 0.27 -0.09 -0.31 -0.24 -0.04 0.15 0.24
 -0.44 -0.14 0.29 0.27 -0.09 -0.31 -0.24 -0.04 0.15 0.24
 -0.44 -0.14 0.29 0.27 -0.09 -0.31 -0.24 -0.04 0.15 0.24
 -0.44 -0.14 0.29 0.27 -0.09 -0.31 -0.24 -0.04 0.15 0.24
 -0.44 -0.14 0.29 0.27 -0.09 -0.31 -0.24 -0.04 0.15 0.24
 -0.44 -0.14 0.29 0.27 -0.09 -0.31 -0.24 -0.04 0.15 0.24
 -0.44 -0.14 0.29 0.27 -0.09 -0.31 -0.24 -0.04 0.15 0.24
 -0.44 -0.14 0.29 0.27 -0.09 -0.31 -0.24 -0.04 0.15 0.24
 -6.9 -5.9 -4.89 -3.89 -2.88 -1.88 -0.89 0.07 0.97 1.73
 -6.9 -5.9 -4.89 -3.89 -2.88 -1.88 -0.89 0.07 0.97 1.73
 -6.9 -5.9 -4.89 -3.89 -2.88 -1.88 -0.89 0.07 0.97 1.73
 -6.9 -5.9 -4.89 -3.89 -2.88 -1.88 -0.89 0.07 0.97 1.73
 -6.9 -5.9 -4.89 -3.89 -2.88 -1.88 -0.89 0.07 0.97 1.73
 -6.9 -5.9 -4.89 -3.89 -2.88 -1.88 -0.89 0.07 0.97 1.73
 -6.9 -5.9 -4.89 -3.89 -2.88 -1.88 -0.89 0.07 0.97 1.73
 -6.9 -5.9 -4.89 -3.89 -2.88 -1.88 -0.89 0.07 0.97 1.73
 -6.9 -5.9 -4.89 -3.89 -2.88 -1.88 -0.89 0.07 0.97 1.73
 -6.9 -5.9 -4.89 -3.89 -2.88 -1.88 -0.89 0.07 0.97 1.73
 -6.9 -5.9 -4.89 -3.89 -2.88 -1.88 -0.89 0.07 0.97 1.73
 -6.9 -5.9 -4.89 -3.89 -2.88 -1.88 -0.89 0.07 0.97 1.73
 -6.9 -5.9 -4.89 -3.89 -2.88 -1.88 -0.89 0.07 0.97 1.73
 -6.9 -5.9 -4.89 -3.89 -2.88 -1.88 -0.89 0.07 0.97 1.73
 -6.9 -5.9 -4.89 -3.89 -2.88 -1.88 -0.89 0.07 0.97 1.73
 -6.9 -5.9 -4.89 -3.89 -2.88 -1.88 -0.89 0.07 0.97 1.73
 -6.9 -5.9 -4.89 -3.89 -2.88 -1.88 -0.89 0.07 0.97 1.73
 -6.9 -5.9 -4.89 -3.89 -2.88 -1.88 -0.89 0.07 0.97 1.73
 -6.9 -5.9 -4.89 -3.89 -2.88 -1.88 -0.89 0.07 0.97 1.73
 -6.9 -5.9 -4.89 -3.89 -2.88 -1.88 -0.89 0.07 0.97 1.73
 -6.9 -5.9 -4.89 -3.89 -2.88 -1.88 -0.89 0.07 0.97 1.73
 -6.9 -5.9 -4.89 -3.89 -2.88 -1.88 -0.89 0.07 0.97 1.73
 -6.9 -5.9 -4.89 -3.89 -2.88 -1.88 -0.89 0.07 0.97 1.73
 -6.9 -5.9 -4.89 -3.89 -2.88 -1.88 -0.89 0.07 0.97 1.73
 -6.9 -5.9 -4.89 -3.89 -2.88 -1.88 -0.89 0.07 0.97 1.73
 -6.9 -5.9 -4.89 -3.89 -2.88 -1.88 -0.89 0.07 0.97 1.73
 -6.9 -5.9 -4.89 -3.89 -2.88 -1.88 -0.89 0.07 0.97 1.73
 -6.9 -5.9 -4.89 -3.89 -2.88 -1.88 -0.89 0.07 0.97 1.73
 -6.9 -5.9 -4.89 -3.89 -2.88 -1.88 -0.89 0.07 0.97 1.73
 -6.9 -5.9 -4.89 -3.89 -2.88 -1.88 -0.89 0.07 0.97 1.73
 -6.9 -5.9 -4.89 -3.89 -2.88 -1.88 -0.89 0.07 0.97 1.73
 -6.9 -5.9 -4.89 -3.89 -2.88 -1.88 -0.89 0.07 0.97 1.73
 -6.9 -5.9 -4.89 -3.89 -2.88 -1.88 -0.89 0.07 0.97 1.73
 -6.9 -5.9 -4.89 -3.89 -2.88 -1.88 -0.89 0.07 0.97 1.73
 -6.9 -5.9 -4.89 -3.89 -2.88 -1.88 -0.89 0.07 0.97 1.73
 -6.9 -5.9 -4.89 -3.89 -2.88 -1.88 -0.89 0.07 0.97 1.73
 -6.9 -5.9 -4.89 -3.89 -2.88 -1.88 -0.89 0.07 0.97 1.73
 -6.9 -5.9 -4.89 -3.89 -2.88 -1.88 -0.89 0.07 0.97 1.73
 -6.9 -5.9 -4.89 -3.89 -2.88 -1.88 -0.89 0.07 0.97 1.73
 -6.9 -5.9 -4.89 -3.89 -2.88 -1.88 -0.89 0.07 0.97 1.73
 -6.9 -5.9 -4.89 -3.89 -2.88 -1.88 -0.89 0.07 0.97 1.73
 -6.9 -5.9 -4.89 -3.89 -2.88 -1.88 -0.89 0.07 0.97 1.73
 -6.9 -5.9 -4.89 -3.89 -2.88 -1.88 -0.89 0.07 0.97 1.73
 -6.9 -5.9 -4.89 -3.89 -2.88 -1.88 -0.89 0.07 0.97 1.73
 -6.9 -5.9 -4.89 -3.89 -2.88 -1.88 -0.89 0.07 0.97 1.73
 -6.9 -5.9 -4.89 -3.89 -2.88 -1.88 -0.89 0.07 0.97 1.73
 -6.9 -5.9 -4.89 -3.89 -2.88 -1.88 -0.89 0.07 0.97 1.73
 -6.9 -5.9 -4.89 -3.89 -2.88 -1.88 -0.89 0.07 0.97 1.73
 -6.9 -5.9 -4.89 -3.89 -2.88 -1.88 -0.89 0.07 0.97 1.73
 -6.9 -5.9 -4.89 -3.89 -2.88 -1.88 -0.89 0.07 0.97 1.73
 -6.9 -5.9 -4.89 -3.89 -2.88 -1.88 -0.89 0.07 0.97 1.73
 -6.9 -5.9 -4.89 -3.89 -2.88 -1.88 -0.89 0.07 0.97 1.73
 -6.9 -5.9 -4.89 -3.89 -2.88 -1.88 -0.89 0.07 0.97 1.73
 -6.9 -5.9 -4.89 -3.89 -2.88 -1.88 -0.89 0.07 0.97 1.73
 -6.9 -5.9 -4.89 -3.89 -2.88 -1.88 -0.89 0.07 0.97 1.73
 -6.9 -5.9 -4.89 -3.89 -2.88 -1.88 -0.89 0.07 0.97 1.73
 -6.9 -5.9 -4.89 -3.89 -2.88 -1.88 -0.89 0.07 0.97 1.73
 -6.9 -5.9 -4.89 -3.89 -2.88 -1.88 -0.89 0.07 0.97 1.73
 -6.9 -5.9 -4.89 -3.89 -2.88 -1.88 -0.89 0.07 0.97 1.73
 -6.9 -5.9 -4.89 -3.89 -2.88 -1.88 -0.89 0.07 0.97 1.73
 -6.9 -5.9 -4.89 -3.89 -2.88 -1.88 -0.89 0.07 0.97 1.73
 -6.9 -5.9 -4.89 -3.89 -2.88 -1.88 -0.89 0.07 0.97 1.73
 -7.14 -6.05 -4.95 -3.86 -2.77 -1.69 -0.65 0.31 1.09 1.58
 -7.14 -6.05 -4.95 -3.86 -2.77 -1.69 -0.65 0.31 1.09 1.58
 -7.14 -6.05 -4.95 -3.86 -2.77 -1.69 -0.65 0.31 1.09 1.58
 -7.14 -6.05 -4.95 -3.86 -2.77 -1.69 -0.65 0.31 1.09 1.58
 -7.14 -6.05 -4.95 -3.86 -2.77 -1.69 -0.65 0.31 1.09 1.58
 -7.14 -6.05 -4.95 -3.86 -2.77 -1.69 -0.65 0.31 1.09 1.58
 -7.14 -6.05 -4.95 -3.86 -2.77 -1.69 -0.65 0.31 1.09 1.58
 -7.14 -6.05 -4.95 -3.86 -2.77 -1.69 -0.65 0.31 1.09 1.58
 -7.14 -6.05 -4.95 -3.86 -2.77 -1.69 -0.65 0.31 1.09 1.58
 -7.14 -6.05 -4.95 -3.86 -2.77 -1.69 -0.65 0.31 1.09 1.58
 -7.14 -6.05 -4.95 -3.86 -2.77 -1.69 -0.65 0.31 1.09 1.58
 -7.14 -6.05 -4.95 -3.86 -2.77 -1.69 -0.65 0.31 1.09 1.58
 -7.14 -6.05 -4.95 -3.86 -2.77 -1.69 -0.65 0.31 1.09 1.58
 -7.14 -6.05 -4.95 -3.86 -2.77 -1.69 -0.65 0.31 1.09 1.58
 -7.14 -6.05 -4.95 -3.86 -2.77 -1.69 -0.65 0.31 1.09 1.58
 -7.14 -6.05 -4.95 -3.86 -2.77 -1.69 -0.65 0.31 1.09 1.58
 -7.14 -6.05 -4.95 -3.86 -2.77 -1.69 -0.65 0.31 1.09 1.58
 -7.14 -6.05 -4.95 -3.86 -2.77 -1.69 -0.65 0.31 1.09 1.58
 -7.14 -6.05 -4.95 -3.86 -2.77 -1.69 -0.65 0.31 1.09 1.58
 -7.14 -6.05 -4.95 -3.86 -2.77 -1.69 -0.65 0.31 1.09 1.58
 -7.14 -6.05 -4.95 -3.86 -2.77 -1.69 -0.65 0.31 1.09 1.58
 -7.14 -6.05 -4.95 -3.86 -2.77 -1.69 -0.65 0.31 1.09 1.58
 -7.14 -6.05 -4.95 -3.86 -2.77 -1.69 -0.65 0.31 1.09 1.58
 -7.14 -6.05 -4.95 -3.86 -2.77 -1.69 -0.65 0.31 1.09 1.58
 -7.14 -6.05 -4.95 -3.86 -2.77 -1.69 -0.65 0.31 1.09 1.58
 -7.14 -6.05 -4.95 -3.86 -2.77 -1.69 -0.65 0.31 1.09 1.58
 -7.14 -6.05 -4.95 -3.86 -2.77 -1.69 -0.65 0.31 1.09 1.58
 -7.14 -6.05 -4.95 -3.86 -2.77 -1.69 -0.65 0.31 1.09 1.58
 -7.14 -6.05 -4.95 -3.86 -2.77 -1.69 -0.65 0.31 1.09 1.58
 -7.14 -6.05 -4.95 -3.86 -2.77 -1.69 -0.65 0.31 1.09 1.58
 -7.14 -6.05 -4.95 -3.86 -2.77 -1.69 -0.65 0.31 1.09 1.58
 -7.14 -6.05 -4.95 -3.86 -2.77 -1.69 -0.65 0.31 1.09 1.58
 -7.14 -6.05 -4.95 -3.86 -2.77 -1.69 -0.65 0.31 1.09 1.58
 -7.14 -6.05 -4.95 -3.86 -2.77 -1.69 -0.65 0.31 1.09 1.58
 -7.14 -6.05 -4.95 -3.86 -2.77 -1.69 -0.65 0.31 1.09 1.58
 -7.14 -6.05 -4.95 -3.86 -2.77 -1.69 -0.65 0.31 1.09 1.58
 -7.14 -6.05 -4.95 -3.86 -2.77 -1.69 -0.65 0.31 1.09 1.58
 -7.14 -6.05 -4.95 -3.86 -2.77 -1.69 -0.65 0.31 1.09 1.58
 -7.14 -6.05 -4.95 -3.86 -2.77 -1.69 -0.65 0.31 1.09 1.58
 -7.14 -6.05 -4.95 -3.86 -2.77 -1.69 -0.65 0.31 1.09 1.58
 -7.14 -6.05 -4.95 -3.86 -2.77 -1.69 -0.65 0.31 1.09 1.58
 -7.14 -6.05 -4.95 -3.86 -2.77 -1.69 -0.65 0.31 1.09 1.58
 -7.14 -6.05 -4.95 -3.86 -2.77 -1.69 -0.65 0.31 1.09 1.58
 -7.14 -6.05 -4.95 -3.86 -2.77 -1.69 -0.65 0.31 1.09 1.58
 -7.14 -6.05 -4.95 -3.86 -2.77 -1.69 -0.65 0.31 1.09 1.58
 -7.14 -6.05 -4.95 -3.86 -2.77 -1.69 -0.65 0.31 1.09 1.58
 -7.14 -6.05 -4.95 -3.86 -2.77 -1.69 -0.65 0.31 1.09 1.58
 -7.14 -6.05 -4.95 -3.86 -2.77 -1.69 -0.65 0.31 1.09 1.58
 -7.14 -6.05 -4.95 -3.86 -2.77 -1.69 -0.65 0.31 1.09 1.58
 -7.14 -6.05 -4.95 -3.86 -2.77 -1.69 -0.65 0.31 1.09 1.58
 -7.14 -6.05 -4.95 -3.86 -2.77 -1.69 -0.65 0.31 1.09 1.58
 -7.14 -6.05 -4.95 -3.86 -2.77 -1.69 -0.65 0.31 1.09 1.58
 -7.14 -6.05 -4.95 -3.86 -2.77 -1.69 -0.65 0.31 1.09 1.58
 -7.14 -6.05 -4.95 -3.86 -2.77 -1.69 -0.65 0.31 1.09 1.58
 -7.14 -6.05 -4.95 -3.86 -2.77 -1.69 -0.65 0.31 1.09 1.58
 -7.14 -6.05 -4.95 -3.86 -2.77 -1.69 -0.65 0.31 1.09 1.58
 -7.14 -6.05 -4.95 -3.86 -2.77 -1.69 -0.65 0.31 1.09 1.58
 -7.14 -6.05 -4.95 -3.86 -2.77 -1.69 -0.65 0.31 1.09 1.58
 -7.14 -6.05 -4.95 -3.86 -2.77 -1.69 -0.65 0.31 1.09 1.58
 -7.14 -6.05 -4.95 -3.86 -2.77 -1.69 -0.65 0.31 1.09 1.58
 -7.14 -6.05 -4.95 -3.86 -2.77 -1.69 -0.65 0.31 1.09 1.58
 -7.14 -6.05 -4.95 -3.86 -2.77 -1.69 -0.65 0.31 1.09 1.58
