    unsorted:	 4.736374508 4.740972373 4.726691940 4.752387931 4.833186190 4.879063918 4.888848051 4.938419122 4.944917852 4.979965740 5.009659485 5.039910413 4.630328157 4.610553587 4.571827614 4.544077246 5.092606771 4.499593338 5.132822940 5.159189051 5.185992453 5.219207957 5.235263450 4.412952710 4.367237209 4.340374692 4.335053323 4.320188025 4.285920893 5.384778806 4.083864252 4.051448432 4.021647895 5.485013205 3.734975589 5.927809361 8.495172014 8.689948000 0.4229752918 14.64274217 15.87769129 20.54585014 26.76709116 29.46774758 47.28328442 51.58694866 61.71445932 62.03798798 97.06484807 101.4600762 132.6290825 136.4400002 140.7972313 172.5103426 197.8217650 260.9655677 281.7402949 475.8851883 535.2283601 999.9360606 1129.516305 1212.525668 1532.981396 1608.120555 2010.230946 2171.878609 2713.141198 2570.587057 2834.354629 3992.937255 4090.194269 4418.768922 5575.117771 5751.787659 6848.934636 8090.190382 9044.554921 10580.94393 10193.08737 10763.53189 11196.79887 12385.23467 16745.27897 16804.12757 16668.19783 16959.55492 16521.97379 16453.46391 16229.49937 17307.32797 17469.04108 17599.56262 17717.69620 15348.46323 14923.86120 14450.28827 13443.81322 19144.43285 20053.88280 20516.55114 21161.86469 21579.61914 22236.27708 25502.72753 25528.06707 25330.62736 25257.95230 25864.02444 25898.17793 25962.90318 24851.62991 24493.17669 24416.31050 26418.30075 26489.56204 26645.83920 26714.67168 26979.10779 23597.49703 27180.27445 27515.33375 27588.70883 27777.41278 28020.35163 28004.55755 28267.22627 28419.66981 28685.52074 28805.19808 29094.22898 29464.94430 29705.96374 30603.53080 30896.29611 32310.17542 32463.95894 35806.84927 40851.48382 44187.93525 62848.54983 124937.4826 146046.7341 163049.1033 209994.3533 245201.1996 281591.4140 10280838.97 10280837.12 10280811.70 10280830.32 10279770.40 1686362.629 2532355.187 2519657.034 10141522.06 10135797.87 3555950.195 7422670.794 7475587.934 7900789.532
      sorted:	 0.4229752918 3.734975589 4.021647895 4.051448432 4.083864252 4.285920893 4.320188025 4.335053323 4.340374692 4.367237209 4.412952710 4.499593338 4.544077246 4.571827614 4.610553587 4.630328157 4.726691940 4.736374508 4.740972373 4.752387931 4.833186190 4.879063918 4.888848051 4.938419122 4.944917852 4.979965740 5.009659485 5.039910413 5.092606771 5.132822940 5.159189051 5.185992453 5.219207957 5.235263450 5.384778806 5.485013205 5.927809361 8.495172014 8.689948000 14.64274217 15.87769129 20.54585014 26.76709116 29.46774758 47.28328442 51.58694866 61.71445932 62.03798798 97.06484807 101.4600762 132.6290825 136.4400002 140.7972313 172.5103426 197.8217650 260.9655677 281.7402949 475.8851883 535.2283601 999.9360606 1129.516305 1212.525668 1532.981396 1608.120555 2010.230946 2171.878609 2570.587057 2713.141198 2834.354629 3992.937255 4090.194269 4418.768922 5575.117771 5751.787659 6848.934636 8090.190382 9044.554921 10193.08737 10580.94393 10763.53189 11196.79887 12385.23467 13443.81322 14450.28827 14923.86120 15348.46323 16229.49937 16453.46391 16521.97379 16668.19783 16745.27897 16804.12757 16959.55492 17307.32797 17469.04108 17599.56262 17717.69620 19144.43285 20053.88280 20516.55114 21161.86469 21579.61914 22236.27708 23597.49703 24416.31050 24493.17669 24851.62991 25257.95230 25330.62736 25502.72753 25528.06707 25864.02444 25898.17793 25962.90318 26418.30075 26489.56204 26645.83920 26714.67168 26979.10779 27180.27445 27515.33375 27588.70883 27777.41278 28004.55755 28020.35163 28267.22627 28419.66981 28685.52074 28805.19808 29094.22898 29464.94430 29705.96374 30603.53080 30896.29611 32310.17542 32463.95894 35806.84927 40851.48382 44187.93525 62848.54983 124937.4826 146046.7341 163049.1033 209994.3533 245201.1996 281591.4140 1686362.629 2519657.034 2532355.187 3555950.195 7422670.794 7475587.934 7900789.532 10135797.87 10141522.06 10279770.40 10280811.70 10280830.32 10280837.12 10280838.97
