    unsorted:	 77692.02641 77727.33535 77772.38198 77956.10174 77930.80410 77537.52099 78124.32271 77373.05808 77212.99340 77155.04498 78297.02204 76853.51811 76698.82805 76569.40640 76511.33476 76389.67179 78904.12513 79349.18740 79325.29884 79646.17691 79793.31266 79858.05546 79898.94729 80081.94481 80298.38678 80413.49523 76165.04521 80813.63554 81047.41597 81164.16585 81387.57167 75675.34930 75242.00150 75104.46130 82110.03571 82183.84822 82596.69691 83211.16025 83455.41443 83607.49750 74334.05296 84002.89238 84449.30473 73238.27733 84978.77857 72912.97947 85296.25120 72538.79512 71647.99808 71427.10344 86927.70976 87999.11621 69572.38709 67193.98696 92194.61174 92839.83062 95946.10594 62179.34933 99822.57888 112335.3144 114674.2965 22601.07105 114.2100133 39.57273734 133.3187568 326.8445564 712.1045354 1932.724748 2742.077716 158550.5858 224874.2384 232375.3517 319133.1259 382894.1300 408414.9043 456974.0758 518795.3091 620673.8037 655445.3973 759996.5239 779051.0354 1062688.403 1061453.477 1058256.961 1068436.452 1070792.863 1046776.468 1028271.052 1003440.923 895218.0089 930846.4510 1135065.127 1207204.230 1241708.306 1257848.881 1377454.309 1501554.312 1582735.836 1681173.522 1764855.349 3112549.597 3110802.394 3106392.998 3104696.097 3119223.212 3123405.003 3126016.568 3132909.527 3134794.902 3137304.357 3139366.449 3140757.546 3142997.183 3097898.165 3095629.345 3088334.505 3154144.408 3158486.911 3080164.850 3068131.793 3059906.139 3039020.236 3024011.182 3210185.389 2974698.305 3253368.324 2914160.213 1866573.593 2808954.050 3304577.049 2707380.766 1973287.564 2577328.721 2523312.197 2115553.807 2242802.483 2402693.247 3545909.884 4362609.303 6166763.103 18916133.51 27730727.89 37803471.23 45525595.05 159865349.5 257171084.1 2126683741. 1672836560.
      sorted:	 39.57273734 114.2100133 133.3187568 326.8445564 712.1045354 1932.724748 2742.077716 22601.07105 62179.34933 67193.98696 69572.38709 71427.10344 71647.99808 72538.79512 72912.97947 73238.27733 74334.05296 75104.46130 75242.00150 75675.34930 76165.04521 76389.67179 76511.33476 76569.40640 76698.82805 76853.51811 77155.04498 77212.99340 77373.05808 77537.52099 77692.02641 77727.33535 77772.38198 77930.80410 77956.10174 78124.32271 78297.02204 78904.12513 79325.29884 79349.18740 79646.17691 79793.31266 79858.05546 79898.94729 80081.94481 80298.38678 80413.49523 80813.63554 81047.41597 81164.16585 81387.57167 82110.03571 82183.84822 82596.69691 83211.16025 83455.41443 83607.49750 84002.89238 84449.30473 84978.77857 85296.25120 86927.70976 87999.11621 92194.61174 92839.83062 95946.10594 99822.57888 112335.3144 114674.2965 158550.5858 224874.2384 232375.3517 319133.1259 382894.1300 408414.9043 456974.0758 518795.3091 620673.8037 655445.3973 759996.5239 779051.0354 895218.0089 930846.4510 1003440.923 1028271.052 1046776.468 1058256.961 1061453.477 1062688.403 1068436.452 1070792.863 1135065.127 1207204.230 1241708.306 1257848.881 1377454.309 1501554.312 1582735.836 1681173.522 1764855.349 1866573.593 1973287.564 2115553.807 2242802.483 2402693.247 2523312.197 2577328.721 2707380.766 2808954.050 2914160.213 2974698.305 3024011.182 3039020.236 3059906.139 3068131.793 3080164.850 3088334.505 3095629.345 3097898.165 3104696.097 3106392.998 3110802.394 3112549.597 3119223.212 3123405.003 3126016.568 3132909.527 3134794.902 3137304.357 3139366.449 3140757.546 3142997.183 3154144.408 3158486.911 3210185.389 3253368.324 3304577.049 3545909.884 4362609.303 6166763.103 18916133.51 27730727.89 37803471.23 45525595.05 159865349.5 257171084.1 1672836560. 2126683741.
